row,col,weight
0,1,46.2894
0,2,46.331
0,4,10.5923
0,5,32.1294
0,6,47.8506
0,8,50.705
0,9,2.3092
0,11,18.234
0,12,35.2297
0,17,11.9221
0,18,58.0489
0,20,56.2856
0,21,58.9594
0,24,51.6169
0,25,32.6703
0,29,56.8036
0,31,51.7267
0,32,5.2216
0,34,12.3349
0,36,35.1354
0,39,40.6951
0,40,46.5527
0,43,10.5977
0,45,16.444
0,48,3.2207
0,50,52.071
0,56,44.6801
0,57,31.6085
0,58,2.25
0,60,45.7197
0,62,47.0844
0,63,15.7624
0,64,54.8468
0,65,3.7263
0,66,40.4952
0,67,7.4857
0,69,53.731
0,70,39.5441
0,71,34.3813
0,72,55.6306
0,75,28.1621
0,77,24.7228
0,78,29.0019
0,79,4.2611
0,80,4.6917
0,81,5.4849
0,82,2.2966
0,85,13.5553
0,86,20.3559
0,89,8.7119
0,91,7.1424
0,94,44.5175
0,95,9.1201
0,98,4.9075
0,99,49.3911
0,100,2.9328
0,101,35.7959
0,102,7.6024
0,103,33.6484
0,105,35.2676
0,107,9.2927
0,113,58.5749
0,114,54.765
0,117,5.2943
0,118,5.2373
0,119,24.6975
0,120,19.7384
0,121,16.4545
0,122,2.6971
0,125,50.4726
0,128,25.3676
1,3,35.5887
1,4,26.0886
1,5,22.2413
1,9,42.5712
1,10,13.4254
1,13,53.1314
1,15,4.1044
1,19,11.3948
1,20,40.4669
1,22,57.5288
1,23,58.7075
1,24,43.7714
1,26,9.2237
1,27,30.1283
1,28,38.4452
1,29,59.4454
1,31,55.6467
1,33,9.7946
1,36,27.8824
1,38,8.9634
1,39,43.0891
1,40,56.1081
1,41,25.8393
1,42,48.7207
1,46,47.3737
1,48,49.6826
1,52,23.8114
1,56,17.9859
1,60,39.7702
1,61,32.1413
1,63,60.6166
1,64,51.7616
1,65,2.4728
1,66,16.859
1,68,18.0153
1,73,9.4925
1,80,55.6304
1,82,37.9312
1,83,15.0941
1,87,24.3306
1,89,11.7911
1,94,3.6519
1,95,10.1977
1,100,17.8908
1,101,22.9548
1,102,60.7048
1,107,15.2566
1,110,46.6441
1,113,1.0057
1,116,27.1923
1,117,31.1617
1,118,9.172
1,119,7.6679
1,128,19.3081
2,7,7.3283
2,10,35.2345
2,12,58.9243
2,15,36.7106
2,25,53.6712
2,31,38.6872
2,35,3.2669
2,36,33.0886
2,38,21.619
2,42,32.6759
2,46,35.4181
2,50,17.5142
2,54,16.1911
2,57,25.0938
2,58,24.5369
2,60,40.0025
2,61,3.1591
2,63,22.83
2,64,24.0995
2,68,61.035
2,71,59.4
2,73,38.1596
2,80,55.9055
2,84,4.8309
2,85,30.3841
2,91,14.0496
2,92,10.7898
2,93,43.2185
2,94,8.0546
2,95,42.7968
2,96,3.487
2,99,50.1391
2,102,57.3531
2,106,54.1219
2,109,59.2387
2,111,22.9728
2,116,1.9203
2,117,53.8282
2,118,56.8053
2,120,58.263
2,125,18.668
2,127,20.5555
2,128,5.9284
3,13,19.6801
3,16,54.0295
3,17,51.2461
3,18,19.28
3,22,1.1022
3,27,21.8356
3,28,48.2326
3,29,14.0503
3,38,2.5499
3,42,10.3418
3,46,10.3716
3,48,55.4387
3,52,12.9428
3,54,20.9978
3,56,30.8118
3,66,43.5184
3,67,57.9304
3,74,18.9657
3,78,5.8756
3,79,52.666
3,81,15.4425
3,83,60.7107
3,84,57.3404
3,98,47.4348
3,100,17.0634
3,104,46.5003
3,111,9.1345
3,112,32.3311
3,114,30.0363
3,116,13.4062
3,117,39.0649
3,121,9.404
3,122,43.2698
3,128,45.796
4,45,59.5415
4,70,27.717
4,83,52.4656
4,88,9.9587
4,115,37.757
4,125,58.2943
4,126,39.389
5,38,61.962
6,12,53.8844
6,91,5.6401
7,9,28.711
7,15,21.7454
7,18,7.4584
7,21,37.5056
7,22,36.6801
7,23,6.9387
7,31,3.4385
7,39,30.6198
7,43,1.2171
7,52,8.4862
7,53,58.6316
7,57,15.9514
7,60,13.0718
7,66,35.6615
7,75,5.3463
7,77,31.3178
7,78,22.9295
7,82,59.6768
7,84,18.4302
7,89,47.9522
7,91,31.0308
7,97,47.475
7,100,8.786
7,101,60.9486
7,103,26.5903
7,106,33.3843
7,111,4.6519
7,124,52.1264
7,129,28.6098
8,9,11.4153
8,11,35.3495
8,12,43.4972
8,18,42.1522
8,22,3.0252
8,23,58.4943
8,24,57.284
8,26,53.3919
8,29,16.9155
8,31,36.0199
8,32,26.4066
8,33,8.4516
8,36,16.0051
8,37,9.6569
8,38,39.5076
8,39,17.683
8,40,54.0911
8,43,6.113
8,45,36.0031
8,49,8.663
8,50,35.6248
8,53,32.8629
8,55,14.3973
8,56,35.9113
8,57,31.5416
8,62,52.6639
8,63,48.1012
8,64,24.745
8,65,47.3365
8,70,14.4
8,76,10.8716
8,80,41.9673
8,82,24.2202
8,84,7.6149
8,87,29.5895
8,90,39.5213
8,92,15.1583
8,94,52.2946
8,98,2.7555
8,99,46.4273
8,102,33.1272
8,103,56.9486
8,106,49.8736
8,107,58.0494
8,110,17.2582
8,111,52.023
8,112,26.169
8,113,14.1797
8,114,48.949
8,118,3.3691
8,121,35.9617
8,123,56.5175
8,128,9.7108
8,129,52.2309
9,11,37.6724
9,13,18.2317
9,14,29.6484
9,15,56.8767
9,16,52.913
9,17,2.3729
9,19,51.1605
9,20,59.9989
9,21,3.8625
9,22,50.692
9,25,1.4764
9,26,8.5669
9,30,21.2068
9,32,51.6032
9,33,37.3602
9,35,39.4443
9,36,49.4357
9,37,53.2432
9,40,48.9073
9,41,10.1823
9,42,2.7727
9,43,58.5199
9,44,46.6096
9,46,44.2679
9,47,51.4607
9,49,60.5337
9,51,61.0917
9,52,26.2083
9,53,33.8427
9,54,36.1213
9,55,57.7438
9,58,13.5671
9,59,30.3722
9,62,5.2142
9,63,19.8392
9,64,60.9064
9,65,21.3702
9,66,18.7552
9,70,7.4487
9,71,59.1853
9,72,14.8678
9,73,46.9012
9,74,27.3425
9,78,30.2567
9,79,33.2531
9,80,49.8401
9,82,16.9821
9,83,40.598
9,85,40.0298
9,86,52.0376
9,88,59.822
9,91,52.1556
9,92,38.1607
9,93,24.8365
9,95,17.5048
9,96,29.1252
9,98,42.8658
9,99,3.5291
9,100,48.4169
9,102,45.9367
9,103,11.4338
9,104,51.612
9,105,25.7015
9,110,37.342
9,111,2.0614
9,113,11.4078
9,114,42.2171
9,115,22.6756
9,116,49.7102
9,117,44.0787
9,118,34.8146
9,119,10.8591
9,120,13.0101
9,121,21.4633
9,123,35.5616
9,124,18.2279
9,125,28.1717
9,126,3.0064
9,127,4.1418
9,128,49.8018
9,129,50.9064
10,11,26.2839
10,13,57.4734
10,15,51.1866
10,16,12.8077
10,22,47.344
10,26,59.6693
10,28,55.1322
10,31,19.3542
10,33,42.4632
10,35,38.4296
10,36,13.1427
10,42,39.5604
10,43,27.7941
10,46,28.6996
10,50,53.6156
10,52,48.8487
10,53,34.653
10,54,45.3437
10,58,3.0039
10,61,51.4826
10,62,24.5146
10,64,47.9116
10,66,17.6988
10,68,5.2211
10,69,37.0506
10,70,56.2503
10,74,5.248
10,77,32.7606
10,78,27.6291
10,79,16.9591
10,84,41.9556
10,88,11.674
10,91,19.4788
10,92,25.761
10,94,14.7545
10,95,24.6301
10,98,23.9938
10,99,50.644
10,102,57.2002
10,105,13.931
10,106,39.7503
10,108,48.5621
10,110,5.8053
10,113,44.0111
10,115,55.9015
10,116,42.4531
10,118,16.7644
10,119,59.5093
10,121,28.4607
10,123,47.5583
10,124,46.4424
10,125,28.0105
10,127,31.5225
10,129,4.7259
11,17,31.586
11,27,23.4306
11,41,2.1175
11,44,15.4113
11,46,3.9209
11,54,56.5224
11,61,39.7846
11,62,57.9077
11,64,42.0939
11,94,9.7208
11,98,46.5917
11,110,24.3133
11,113,42.4066
11,114,9.7351
11,115,50.672
11,129,21.6814
12,28,5.4504
12,31,35.4429
12,32,41.4789
12,33,33.5856
12,40,25.8716
12,41,35.2442
12,45,23.2103
12,48,20.9478
12,53,43.8367
12,55,33.5224
12,57,61.6041
12,61,4.5351
12,62,47.5547
12,66,8.2548
12,71,24.946
12,74,5.9027
12,75,18.378
12,76,46.9593
12,78,41.1629
12,80,40.8652
12,86,1.4985
12,93,16.7894
12,94,44.6888
12,97,36.634
12,100,51.359
12,101,61.9195
12,102,8.4749
12,103,48.638
12,119,6.2861
12,120,44.813
12,126,8.6993
13,15,55.1224
13,16,37.42
13,17,27.5973
13,18,19.1236
13,19,26.4142
13,21,57.3922
13,24,61.2103
13,27,33.3844
13,28,13.6098
13,30,58.9319
13,31,60.3272
13,35,12.5009
13,36,5.668
13,38,43.9149
13,40,29.3478
13,45,61.7842
13,46,47.8165
13,47,52.2634
13,49,55.7481
13,52,3.5972
13,56,33.5533
13,64,24.5116
13,65,53.979
13,66,32.2878
13,69,50.0953
13,70,38.5663
13,71,12.621
13,72,57.9662
13,74,47.3557
13,76,4.2415
13,77,50.7832
13,78,46.1318
13,79,31.3014
13,80,45.696
13,85,2.267
13,87,58.8303
13,88,32.8827
13,91,36.3173
13,92,19.7584
13,94,53.8198
13,95,7.5809
13,96,32.084
13,97,35.308
13,98,51.1951
13,100,45.4907
13,102,7.5265
13,103,2.0034
13,105,7.1628
13,107,59.2626
13,111,42.5288
13,113,54.4314
13,114,47.0121
13,116,28.5746
13,117,13.2066
13,118,50.3304
13,119,36.5515
13,123,27.8497
13,124,52.436
13,127,34.1031
13,128,42.585
13,129,30.5569
14,15,57.3467
14,16,1.4365
14,17,37.9633
14,19,56.1941
14,20,20.8186
14,22,25.1847
14,23,1.6118
14,24,16.8375
14,25,61.3294
14,26,34.4433
14,28,38.4417
14,33,34.2755
14,34,40.7827
14,37,53.1399
14,39,23.4846
14,41,25.4798
14,44,20.8672
14,45,52.583
14,46,44.108
14,47,35.2756
14,48,11.1886
14,49,58.9418
14,54,45.9536
14,55,45.0172
14,56,39.6991
14,60,19.1025
14,61,6.7234
14,62,15.1698
14,64,17.8894
14,65,9.2529
14,71,31.8906
14,72,31.3484
14,73,18.4024
14,74,21.5352
14,76,35.6953
14,77,47.3757
14,78,30.7524
14,80,38.9963
14,82,6.8639
14,83,42.2974
14,85,53.0503
14,87,59.6373
14,88,27.0881
14,89,40.6132
14,90,23.9092
14,92,5.1585
14,93,33.3413
14,94,37.2451
14,95,30.7679
14,98,14.609
14,100,52.9113
14,101,34.9499
14,102,21.3887
14,103,32.9533
14,104,21.5292
14,107,29.021
14,111,34.0433
14,113,57.7745
14,117,41.9485
14,118,53.811
14,121,37.0218
14,122,44.6771
14,124,59.9715
14,125,6.724
14,126,18.9947
14,127,60.554
14,128,44.6831
15,16,20.6687
15,18,53.3167
15,19,51.227
15,20,21.6419
15,21,53.4366
15,22,15.7017
15,23,31.4708
15,25,31.3831
15,27,13.8063
15,28,37.8169
15,29,49.6209
15,30,46.3532
15,31,3.5834
15,32,35.377
15,34,34.6123
15,36,55.4453
15,40,11.3048
15,42,41.2602
15,43,41.7854
15,46,21.4459
15,47,38.31
15,49,8.051
15,51,40.7425
15,53,1.1471
15,55,27.6029
15,57,27.2477
15,58,48.9583
15,60,30.2798
15,61,41.3553
15,62,26.3336
15,63,48.8244
15,64,23.41
15,67,53.6787
15,70,46.8185
15,71,48.4853
15,72,57.6367
15,73,18.8501
15,74,51.6682
15,75,44.783
15,76,25.5941
15,77,59.6335
15,78,61.4144
15,79,59.9978
15,80,40.5852
15,81,29.4125
15,83,39.5453
15,84,46.449
15,85,39.094
15,86,60.0125
15,87,11.4821
15,88,16.3325
15,89,28.606
15,90,22.3402
15,91,23.7721
15,93,41.5787
15,94,43.5182
15,95,61.0626
15,96,5.727
15,97,37.1338
15,98,28.1944
15,99,8.7735
15,100,4.5002
15,101,18.2545
15,102,28.7809
15,103,27.3225
15,104,34.1647
15,105,20.6015
15,106,47.4608
15,108,12.2892
15,109,8.2843
15,113,43.2568
15,115,23.937
15,116,5.9676
15,118,33.2602
15,119,23.5421
15,121,46.2804
15,122,31.1284
15,123,31.2567
15,124,46.2469
15,125,34.4636
15,126,51.5357
15,127,50.3431
15,128,23.9081
15,129,6.5075
16,17,22.3032
16,19,20.6563
16,20,16.6411
16,25,53.4317
16,26,7.893
16,27,9.8216
16,28,45.3601
16,29,5.892
16,30,46.0573
16,32,22.9525
16,40,36.8081
16,41,17.2062
16,50,22.9314
16,54,55.7353
16,56,52.623
16,58,4.7317
16,59,7.0736
16,63,41.4518
16,66,41.756
16,70,22.0849
16,73,12.5707
16,80,36.3558
16,81,16.8166
16,84,28.7092
16,87,12.0304
16,89,53.4327
16,91,49.728
16,92,3.2301
16,93,31.9016
16,94,60.1842
16,97,53.2228
16,102,28.2462
16,107,40.7369
16,108,17.9458
16,109,13.3269
16,117,47.4094
16,119,53.431
16,121,14.9528
16,122,50.3209
16,127,59.4363
16,128,9.9496
17,18,31.2993
17,19,41.064
17,20,2.4043
17,21,53.6806
17,22,36.9442
17,23,44.5009
17,24,1.7377
17,25,11.3599
17,26,55.1858
17,27,8.4177
17,28,11.2751
17,29,35.6606
17,30,18.4988
17,31,30.4057
17,32,42.413
17,34,7.0787
17,36,20.7965
17,37,29.8637
17,39,6.4441
17,41,21.5263
17,42,8.1447
17,43,32.2511
17,44,47.4199
17,46,6.0641
17,47,50.7701
17,48,3.4875
17,51,31.1146
17,52,16.7676
17,53,44.7585
17,54,38.9399
17,55,59.1016
17,57,22.3044
17,58,24.5621
17,59,10.8749
17,60,28.1535
17,63,12.9277
17,65,7.8572
17,66,42.9735
17,67,52.4669
17,68,5.5245
17,69,9.0546
17,70,35.1216
17,71,26.7661
17,73,36.6352
17,75,13.5274
17,76,4.8312
17,77,16.4632
17,78,58.0655
17,79,19.3194
17,80,30.4535
17,81,19.853
17,82,9.7055
17,84,58.9463
17,85,34.2426
17,86,56.309
17,88,33.9066
17,89,30.535
17,90,45.4212
17,91,47.1792
17,92,10.1788
17,93,2.5857
17,95,23.0043
17,96,4.9549
17,97,50.7554
17,98,51.3072
17,99,56.8091
17,101,60.1208
17,102,55.552
17,103,38.4957
17,104,10.7144
17,105,37.402
17,107,1.6803
17,108,37.6597
17,109,61.2684
17,110,5.4717
17,112,27.3328
17,113,45.3982
17,114,49.2778
17,115,23.0047
17,117,41.8544
17,121,60.113
17,123,11.4911
17,124,21.039
17,125,53.7592
17,127,47.89
17,129,52.5477
18,28,58.0885
18,33,61.0313
18,37,41.6548
18,38,34.1569
18,58,19.2474
18,96,10.0514
18,99,41.2332
18,113,26.5213
19,49,59.9275
19,53,40.7401
19,64,8.1056
19,74,16.5673
19,125,20.7913
20,21,49.0076
20,22,23.2666
20,23,29.6826
20,27,8.9337
20,29,37.0123
20,31,15.8619
20,33,41.9017
20,34,19.9425
20,37,57.4206
20,41,59.7166
20,45,11.8181
20,47,43.9976
20,48,54.7793
20,49,37.4682
20,50,43.2735
20,53,32.2285
20,55,32.4046
20,57,26.0319
20,58,60.8604
20,60,1.1671
20,62,5.4173
20,63,61.5688
20,67,39.715
20,71,29.8209
20,72,34.6197
20,74,55.7688
20,76,34.3027
20,79,53.724
20,83,19.2399
20,84,58.301
20,92,16.2517
20,96,5.0902
20,100,57.314
20,105,55.4261
20,107,15.1306
20,109,61.6666
20,115,28.7307
20,119,21.6967
20,121,52.9645
20,123,47.1014
20,124,24.6604
20,128,18.9177
20,129,51.678
21,25,56.5035
21,26,8.2961
21,27,25.5588
21,30,24.5113
21,31,19.1949
21,32,53.4693
21,39,16.9575
21,41,27.9539
21,47,18.5294
21,57,3.1711
21,58,13.8774
21,60,31.4811
21,61,6.1849
21,63,49.8836
21,65,55.822
21,66,14.1795
21,72,14.1234
21,74,4.6877
21,75,40.2336
21,79,34.8287
21,80,38.3802
21,81,6.528
21,83,20.3596
21,89,1.3106
21,91,57.2128
21,92,41.9786
21,95,29.0847
21,96,16.0391
21,98,11.9043
21,99,20.6569
21,103,17.9489
21,108,20.0477
21,111,61.8182
21,113,46.9766
21,116,34.3657
21,123,17.4536
21,124,24.2954
21,129,7.9137
22,24,41.3681
22,25,21.5392
22,26,9.1894
22,27,53.6655
22,28,8.2843
22,30,23.6632
22,31,34.8049
22,32,29.3914
22,35,25.6505
22,37,30.7906
22,38,14.4281
22,40,61.549
22,41,22.4948
22,42,50.5139
22,43,37.3901
22,44,56.9803
22,45,20.391
22,47,56.446
22,49,27.4924
22,50,18.7205
22,52,41.3191
22,53,18.8435
22,56,32.771
22,58,26.2236
22,59,25.3053
22,60,7.5436
22,61,5.2264
22,62,28.1337
22,63,58.4146
22,64,12.1982
22,65,39.8659
22,66,20.8462
22,69,7.2771
22,70,21.9072
22,71,35.1465
22,72,42.8947
22,73,53.5255
22,76,42.0392
22,77,11.6233
22,78,53.6205
22,79,25.9696
22,80,3.6418
22,82,4.554
22,83,11.1568
22,84,8.497
22,86,30.2313
22,90,1.6883
22,91,51.0194
22,92,9.5141
22,94,44.682
22,96,1.4735
22,97,17.9704
22,98,2.6312
22,99,38.2088
22,100,27.523
22,101,37.8932
22,102,7.219
22,103,3.8183
22,104,19.1939
22,107,10.1906
22,113,34.6096
22,116,41.6883
22,117,1.6782
22,118,36.6924
22,119,16.3111
22,121,23.93
22,123,7.5744
22,124,52.7201
22,125,24.2047
22,126,21.1662
22,127,49.6269
22,128,28.4219
22,129,20.4558
23,25,30.4067
23,28,48.2897
23,36,40.2321
23,37,42.8241
23,38,1.5624
23,40,10.5053
23,44,25.3103
23,46,56.7947
23,50,48.1679
23,52,51.4531
23,54,8.1287
23,60,51.4604
23,65,32.9293
23,67,54.3427
23,68,47.2317
23,69,50.5138
23,73,28.7101
23,74,58.9699
23,75,51.4383
23,76,48.6606
23,79,38.0245
23,80,26.7799
23,82,60.9886
23,84,55.5065
23,85,30.8542
23,86,34.2082
23,87,2.2353
23,89,42.0442
23,90,40.1325
23,94,54.8235
23,95,42.6845
23,97,24.6518
23,99,43.4732
23,101,32.9941
23,102,39.9007
23,103,11.9242
23,104,46.585
23,105,4.748
23,107,38.2178
23,109,55.2676
23,110,56.879
23,112,60.2399
23,113,31.0687
23,114,18.6107
23,116,57.1138
23,117,26.9664
23,118,4.6611
23,119,51.4582
23,121,53.3524
23,122,51.5503
23,123,59.1819
23,127,53.4034
23,128,10.3626
23,129,44.4966
24,28,46.79
24,35,60.0827
24,41,13.0657
24,69,31.6999
24,72,26.6069
24,77,55.8991
24,78,16.8552
24,89,17.8425
24,107,50.4424
24,110,41.2759
24,115,56.325
24,123,15.2574
24,124,17.4703
24,128,13.4957
25,56,43.681
25,70,60.8433
25,80,15.0353
25,128,21.0948
25,129,31.6269
26,27,23.6753
26,29,31.4469
26,30,55.1968
26,31,37.278
26,37,26.6291
26,39,48.0055
26,42,19.8507
26,44,49.2918
26,46,8.1467
26,49,46.5862
26,50,49.6624
26,52,49.7709
26,59,46.5711
26,61,1.0522
26,62,21.4808
26,65,17.5432
26,68,41.8238
26,73,17.7682
26,75,57.04
26,76,38.5594
26,81,6.3429
26,82,51.6518
26,84,18.8003
26,85,19.9199
26,86,11.1908
26,87,53.2929
26,92,55.9594
26,94,46.6049
26,95,3.3265
26,100,59.417
26,102,48.451
26,104,3.2728
26,106,49.8169
26,107,43.5412
26,110,29.114
26,111,19.2304
26,112,50.8361
26,113,54.7706
26,115,16.8831
26,117,49.7557
26,123,33.4571
28,31,27.0277
28,35,39.2712
28,41,13.8441
28,55,7.8774
28,60,59.0894
28,64,53.4733
28,69,16.7397
28,81,14.3745
28,96,2.3161
28,98,51.4769
28,104,61.3349
28,108,28.2857
28,123,51.2282
28,129,17.1983
30,33,44.9618
30,36,57.154
30,38,36.9408
30,39,38.975
30,40,54.7885
30,43,54.3137
30,45,48.1445
30,46,6.3677
30,47,44.6097
30,48,1.5925
30,49,15.7842
30,50,5.6947
30,51,25.8025
30,52,58.0858
30,53,48.0695
30,55,61.9291
30,56,4.1128
30,59,11.8319
30,60,41.3648
30,63,49.1237
30,66,12.6898
30,67,6.3529
30,68,29.268
30,70,14.8043
30,72,46.9019
30,73,61.3094
30,78,23.8574
30,86,40.2857
30,87,43.8707
30,89,42.0239
30,90,12.6715
30,91,2.8421
30,92,57.1316
30,93,48.9696
30,94,45.8051
30,95,53.3061
30,96,13.0602
30,97,22.8264
30,98,30.4069
30,99,2.5253
30,102,9.5595
30,104,28.3561
30,105,32.9796
30,107,57.0197
30,109,60.8307
30,112,10.8696
30,115,32.416
30,116,40.7258
30,118,2.971
30,119,48.1924
30,120,10.0653
30,122,3.2605
30,123,31.9621
30,125,32.3877
30,128,38.7665
32,36,26.98
32,37,38.3224
32,40,5.9568
32,44,9.8696
32,45,12.2773
32,51,26.4085
32,54,5.8513
32,55,41.7265
32,59,29.9771
32,63,58.1101
32,71,30.3063
32,73,54.5513
32,74,1.2223
32,77,48.401
32,80,37.7973
32,89,55.0715
32,90,32.6659
32,95,35.2482
32,100,49.2367
32,102,15.3271
32,103,50.1208
32,108,42.6758
32,115,20.1879
32,116,37.1764
32,124,55.1995
32,127,32.1198
32,128,43.6014
33,35,46.4417
33,40,25.8936
33,41,22.8528
33,42,11.1874
33,44,5.1868
33,45,27.5326
33,50,52.1757
33,51,55.9566
33,52,16.302
33,53,55.9744
33,55,51.0179
33,56,24.7738
33,57,10.1235
33,58,7.3638
33,60,59.1157
33,62,6.4406
33,65,23.5387
33,67,24.8662
33,69,10.6755
33,71,19.4605
33,72,34.6637
33,73,40.1687
33,74,42.3329
33,78,6.3622
33,82,15.6315
33,83,53.1459
33,84,38.5496
33,85,26.6454
33,87,10.9056
33,91,52.1163
33,92,36.355
33,93,21.8189
33,94,12.0139
33,95,35.9773
33,97,14.8527
33,99,8.7327
33,100,15.5106
33,101,49.9438
33,103,44.2507
33,104,60.8537
33,105,38.0145
33,106,54.653
33,108,16.801
33,113,38.7396
33,117,17.174
33,118,39.6971
33,119,57.7615
33,123,21.1517
33,124,57.7332
33,125,36.2562
33,126,57.3991
33,128,60.7864
34,35,56.0002
34,36,31.9381
34,37,48.9243
34,38,58.1451
34,39,8.1655
34,40,53.5333
34,41,25.2644
34,42,11.1594
34,43,46.6619
34,44,31.6601
34,45,60.9377
34,46,12.8823
34,47,28.39
34,48,61.0941
34,49,16.0555
34,50,14.2328
34,51,49.6405
34,52,59.8685
34,53,19.7273
34,54,46.2318
34,55,33.7304
34,56,36.6461
34,57,52.3303
34,58,53.58
34,59,25.5517
34,60,20.6113
34,61,53.1399
34,62,42.1382
34,63,44.2061
34,64,39.6724
34,65,4.1662
34,66,2.3185
34,67,24.3074
34,68,27.1924
34,69,30.9123
34,70,52.7311
34,71,54.6588
34,72,14.846
34,73,10.3226
34,74,47.2003
34,75,61.6738
34,76,23.3032
34,77,9.6367
34,78,3.106
34,79,19.2643
34,80,22.8423
34,81,55.9971
34,82,42.9063
34,83,53.8375
34,84,21.1259
34,85,13.0646
34,86,12.2434
34,87,46.4152
34,88,38.9582
34,89,45.4461
34,90,17.4042
34,91,55.3146
34,92,28.9015
34,93,32.1508
34,94,15.8569
34,95,20.6594
34,96,25.0496
34,97,38.9211
34,98,33.2034
34,99,20.1547
34,100,11.2403
34,101,29.956
34,102,33.6809
34,103,18.8635
34,104,46.3305
34,105,7.501
34,106,23.6403
34,107,48.9871
34,108,47.4894
34,109,6.4183
34,110,12.6503
34,111,6.452
34,113,38.7609
34,114,5.9892
34,115,55.308
34,116,47.8324
34,117,26.0115
34,118,43.5768
34,119,5.7734
34,120,38.4196
34,121,46.6578
34,122,51.0863
34,123,56.65
34,124,16.4401
34,125,25.6291
34,126,40.2795
34,127,43.8751
34,128,1.1068
34,129,21.5268
35,49,17.582
35,56,57.9272
35,60,19.812
35,61,53.907
35,66,37.2314
35,79,15.3876
35,82,11.1686
35,104,3.3276
35,112,51.6355
35,118,47.149
35,125,41.8487
35,126,2.3126
36,38,38.7285
36,40,12.5872
36,41,10.2821
36,42,55.8513
36,43,5.9494
36,44,58.3429
36,45,2.1281
36,46,56.3978
36,48,15.3176
36,49,58.5703
36,50,31.9672
36,51,30.6147
36,52,12.1964
36,53,51.0512
36,54,53.1947
36,55,38.0266
36,56,32.3469
36,57,2.2014
36,58,10.3457
36,59,40.0996
36,60,46.5708
36,61,17.3118
36,62,61.4667
36,63,57.0176
36,64,52.8464
36,65,21.6907
36,66,35.9605
36,67,22.5215
36,68,61.5438
36,69,48.9156
36,70,52.3329
36,72,10.2511
36,73,47.7494
36,74,23.0438
36,76,58.4456
36,77,20.199
36,78,12.2457
36,79,12.3646
36,80,21.4651
36,81,51.549
36,83,46.8498
36,84,57.9248
36,85,31.7086
36,86,24.5659
36,87,22.3642
36,89,7.3864
36,90,12.5383
36,91,32.0469
36,92,61.8658
36,93,8.7934
36,94,36.3973
36,95,41.7339
36,96,49.6781
36,97,25.6153
36,98,44.4014
36,99,29.8695
36,100,28.0683
36,101,20.5124
36,102,30.7871
36,103,40.237
36,104,22.7814
36,106,30.5484
36,107,5.6872
36,110,9.7123
36,111,10.6162
36,112,55.1661
36,113,48.5044
36,115,41.9952
36,116,9.7522
36,117,27.8933
36,118,43.6886
36,119,31.6133
36,120,3.8532
36,121,43.0253
36,122,42.462
36,123,7.7306
36,124,35.6964
36,125,51.3508
36,127,48.0802
36,128,32.7447
36,129,19.8261
38,39,21.3671
38,40,45.9685
38,42,17.4373
38,43,35.3885
38,46,45.9626
38,47,28.8149
38,48,61.2827
38,49,25.5298
38,50,56.9596
38,51,58.0097
38,52,28.4651
38,53,29.6564
38,56,44.1467
38,57,24.3232
38,58,47.5513
38,59,30.1596
38,60,11.0068
38,61,51.9404
38,62,21.4659
38,63,21.0401
38,64,44.707
38,65,11.056
38,69,29.1116
38,70,19.5642
38,71,28.8687
38,72,53.4544
38,74,46.5187
38,75,21.3819
38,76,37.2517
38,78,56.8647
38,80,41.3262
38,81,59.9029
38,82,42.9234
38,83,53.5516
38,85,50.2716
38,86,54.5272
38,87,54.69
38,88,61.0505
38,89,21.1975
38,90,58.6689
38,91,59.705
38,92,40.8615
38,93,14.8971
38,94,12.0196
38,95,35.6787
38,96,2.1092
38,97,21.971
38,98,35.689
38,99,36.2023
38,100,11.1503
38,101,15.5966
38,102,3.8372
38,103,4.4136
38,104,53.249
38,105,26.376
38,106,16.2394
38,108,48.6609
38,109,61.7037
38,110,23.0005
38,111,25.3905
38,114,1.777
38,115,38.6139
38,116,57.3451
38,118,37.6719
38,119,11.4072
38,120,7.2179
38,121,45.185
38,122,54.3404
38,123,45.1276
38,124,2.2314
38,126,21.1242
38,127,41.8212
38,129,35.2826
39,40,32.2484
39,41,24.7959
39,42,25.6831
39,43,57.9412
39,44,16.8493
39,45,9.5727
39,46,14.6656
39,47,29.0159
39,48,2.5869
39,49,9.0702
39,51,43.3975
39,52,12.751
39,53,37.4822
39,54,49.1102
39,55,42.2694
39,56,25.3672
39,57,14.7211
39,58,21.0912
39,59,7.0441
39,60,60.2932
39,61,9.2158
39,62,38.0181
39,63,19.3098
39,64,11.1595
39,65,55.8886
39,66,43.0013
39,67,57.9234
39,68,1.3684
39,69,53.605
39,70,28.8207
39,71,31.8574
39,72,42.8386
39,73,43.395
39,74,39.1175
39,75,43.7004
39,76,46.6384
39,77,7.2971
39,78,29.4278
39,79,43.047
39,80,53.912
39,81,28.7394
39,82,26.3813
39,84,55.7255
39,85,60.1878
39,87,26.9601
39,88,47.9083
39,89,4.502
39,90,30.5664
39,91,1.7477
39,92,34.0927
39,93,61.6799
39,94,49.3459
39,95,1.4195
39,96,22.8263
39,97,22.5067
39,98,47.6674
39,100,19.6342
39,101,28.4974
39,102,18.5876
39,103,20.0172
39,104,46.8515
39,105,48.1158
39,106,30.6986
39,107,29.2909
39,108,6.2646
39,109,16.9776
39,110,36.1558
39,111,53.3678
39,112,31.2011
39,113,34.8955
39,114,43.9065
39,115,29.7649
39,116,43.6231
39,117,2.3861
39,118,47.2519
39,119,20.208
39,120,38.8978
39,121,38.1849
39,122,29.0001
39,123,16.0787
39,124,13.7204
39,125,3.8625
39,126,40.9903
39,127,47.7216
39,128,9.9983
39,129,16.5561
40,41,25.9385
40,42,48.4107
40,43,38.6696
40,44,49.3708
40,45,27.6362
40,46,36.3643
40,47,16.2003
40,48,53.9339
40,49,14.1982
40,50,52.5314
40,51,24.7986
40,52,26.5521
40,53,42.4687
40,55,40.945
40,57,38.7619
40,58,57.3731
40,59,42.0681
40,60,45.2329
40,61,27.4695
40,63,8.3959
40,64,29.767
40,65,35.3203
40,66,40.8244
40,67,3.3366
40,70,18.0068
40,72,54.3683
40,73,38.0407
40,74,4.0111
40,75,58.948
40,76,40.6291
40,77,47.3928
40,78,16.0171
40,79,28.7458
40,80,49.0016
40,81,2.2565
40,83,41.1708
40,84,24.7395
40,85,15.4961
40,86,36.2324
40,87,9.3761
40,88,47.6341
40,89,46.1337
40,91,7.3934
40,92,21.1681
40,93,54.0347
40,94,34.7815
40,95,19.7807
40,96,40.7307
40,97,58.7455
40,102,32.3809
40,103,61.061
40,104,4.8629
40,105,23.8952
40,106,59.1417
40,107,11.8087
40,108,56.5501
40,109,30.1096
40,110,17.2666
40,111,1.8812
40,112,55.5759
40,113,31.6504
40,114,26.2794
40,115,24.6921
40,116,27.0295
40,117,40.6025
40,119,5.524
40,120,55.3937
40,121,14.7629
40,123,53.3414
40,124,1.3295
40,125,38.546
40,126,45.5902
40,128,16.2745
40,129,13.3546
41,43,29.2778
41,44,54.952
41,45,4.0719
41,46,10.7106
41,48,37.9596
41,49,56.1915
41,50,60.429
41,51,9.174
41,52,10.951
41,55,9.2377
41,56,4.9562
41,57,9.321
41,58,22.4345
41,59,16.8757
41,60,45.6616
41,61,17.7596
41,62,1.8901
41,63,21.8683
41,64,3.7364
41,65,9.4652
41,67,15.2681
41,70,48.4129
41,71,49.2572
41,72,61.363
41,73,40.0434
41,75,6.3655
41,76,39.9407
41,77,53.4673
41,78,37.0617
41,79,53.0342
41,80,42.7644
41,81,23.5309
41,82,25.0935
41,83,14.5662
41,84,2.8006
41,85,21.6763
41,86,10.8156
41,87,45.6974
41,88,42.9331
41,90,38.1159
41,91,44.03
41,92,43.3806
41,93,40.5296
41,94,59.7377
41,95,25.8296
41,96,25.4557
41,97,18.713
41,99,2.2357
41,100,7.2173
41,101,8.7779
41,102,46.8171
41,103,45.6983
41,105,56.9325
41,106,26.9645
41,107,24.4357
41,108,57.8564
41,110,51.9685
41,111,8.368
41,112,3.2237
41,113,56.1873
41,114,43.434
41,115,45.5555
41,116,44.5764
41,117,27.4954
41,118,58.1797
41,120,24.5576
41,121,50.8456
41,122,6.2189
41,123,56.04
41,124,38.0579
41,125,24.9476
41,126,9.959
41,128,21.4052
42,43,24.8507
42,52,37.3943
42,56,9.9288
42,58,35.5123
42,59,18.4399
42,61,4.2396
42,62,40.9385
42,63,60.0092
42,69,30.7086
42,71,10.9097
42,73,29.0298
42,79,17.4432
42,80,60.3341
42,84,19.625
42,85,46.8142
42,86,36.7365
42,88,35.0114
42,90,43.9776
42,93,36.966
42,94,60.5502
42,96,17.9584
42,97,27.281
42,100,59.7592
42,101,6.6017
42,104,25.7398
42,105,9.1181
42,108,20.4795
42,119,45.3875
42,122,40.2413
42,123,24.1173
42,125,16.1695
43,46,8.1023
43,48,22.4827
43,49,34.222
43,50,6.7708
43,51,24.2637
43,52,22.2467
43,53,28.2047
43,54,24.5144
43,55,61.2039
43,56,4.7994
43,57,29.9099
43,58,46.2326
43,59,11.0451
43,60,36.3248
43,61,36.5791
43,63,16.5115
43,64,36.1313
43,65,53.8182
43,70,16.6721
43,71,27.5937
43,72,1.4669
43,73,29.4876
43,74,1.0742
43,75,1.3282
43,76,20.8753
43,77,26.4104
43,78,13.999
43,79,9.9622
43,81,30.5025
43,82,6.9897
43,83,12.0528
43,84,21.7973
43,86,32.6983
43,87,50.1434
43,88,2.6228
43,89,12.134
43,90,39.0826
43,91,29.9019
43,93,34.531
43,94,32.5085
43,95,8.6127
43,96,7.4555
43,97,5.1285
43,98,35.7525
43,101,47.5506
43,102,8.3938
43,103,21.0634
43,105,10.8949
43,106,26.3365
43,107,31.237
43,108,55.1013
43,109,24.2399
43,110,31.9991
43,112,40.6516
43,114,14.7933
43,115,10.7567
43,117,31.9814
43,118,34.6948
43,119,27.5565
43,120,8.5937
43,121,59.2937
43,122,58.9946
43,123,55.6098
43,125,55.802
43,127,36.6277
43,128,30.301
43,129,4.0419
44,72,28.4084
44,80,24.4341
44,112,9.5152
44,123,8.4411
45,46,30.3818
45,47,17.6889
45,48,60.9812
45,49,23.1206
45,50,9.9786
45,51,18.0896
45,52,26.3049
45,53,58.8658
45,54,25.2778
45,55,61.4145
45,57,52.5938
45,58,35.2824
45,59,60.6259
45,60,50.4849
45,62,19.1561
45,63,48.0614
45,64,43.9548
45,65,51.7612
45,66,42.531
45,67,30.7578
45,68,38.2284
45,69,12.0148
45,70,8.3575
45,72,54.1029
45,73,30.2252
45,74,50.5564
45,75,22.3411
45,76,2.1315
45,77,31.0341
45,78,59.166
45,79,10.8397
45,80,54.3987
45,81,38.5529
45,85,24.0915
45,86,26.5289
45,87,17.7461
45,88,52.0266
45,89,26.2128
45,90,6.8738
45,91,60.042
45,92,28.724
45,94,13.2809
45,95,24.5533
45,96,37.7933
45,98,4.5977
45,100,10.0172
45,101,55.7951
45,102,30.0094
45,103,8.1658
45,104,39.9339
45,105,17.4754
45,107,48.1539
45,108,11.0051
45,109,53.4008
45,110,29.4065
45,111,10.5972
45,112,18.3755
45,113,58.3956
45,114,33.008
45,116,12.1394
45,117,28.6643
45,118,14.6031
45,122,13.9015
45,123,29.4643
45,125,18.776
45,127,27.3929
45,128,8.0314
45,129,28.8902
46,47,60.6199
46,52,51.1559
46,53,18.8641
46,54,8.5151
46,55,25.3424
46,56,29.9055
46,57,50.2229
46,61,27.641
46,62,30.5884
46,63,59.2675
46,65,61.67
46,68,55.7667
46,69,15.2931
46,70,35.0544
46,73,48.8015
46,74,15.7832
46,75,49.5431
46,77,21.0806
46,78,12.5752
46,81,53.4371
46,82,13.3112
46,83,21.4981
46,84,16.0988
46,85,24.0611
46,86,26.3299
46,89,37.6951
46,90,59.42
46,91,59.5261
46,92,35.2196
46,93,20.9037
46,94,29.7322
46,95,7.0298
46,96,33.5338
46,97,25.8477
46,98,61.2596
46,101,15.9146
46,105,7.738
46,107,19.3109
46,109,20.8651
46,110,16.6524
46,111,49.6404
46,112,41.8108
46,113,60.8511
46,114,46.284
46,116,3.6652
46,117,25.5943
46,119,20.6557
46,123,10.9015
46,124,10.1475
46,125,22.9614
46,128,41.1624
47,48,8.3453
47,49,56.3324
47,50,34.6548
47,51,16.5133
47,52,52.1382
47,53,26.1107
47,54,15.4705
47,55,1.491
47,56,51.5172
47,57,26.1038
47,58,60.5961
47,59,41.378
47,60,20.7342
47,61,42.037
47,62,24.1002
47,63,7.2391
47,64,57.4583
47,65,6.0112
47,66,16.7005
47,67,40.6496
47,68,52.578
47,69,59.9706
47,70,59.9765
47,71,22.3473
47,72,31.9926
47,73,37.7173
47,74,29.5495
47,75,53.4702
47,76,51.1787
47,77,32.1945
47,78,4.3859
47,79,23.6482
47,80,12.9635
47,81,57.6967
47,82,54.7581
47,83,47.1855
47,84,56.9175
47,85,22.2573
47,86,47.5639
47,87,60.3474
47,88,52.3583
47,89,57.0205
47,90,3.212
47,91,17.6711
47,92,44.2389
47,93,57.2506
47,94,10.4696
47,95,27.7907
47,96,57.5258
47,97,14.9979
47,99,16.8959
47,101,48.3195
47,102,7.7785
47,103,56.6996
47,104,45.3994
47,105,16.4151
47,106,61.3591
47,107,13.0918
47,108,20.6958
47,109,13.1054
47,110,39.146
47,113,14.5047
47,114,57.6869
47,115,57.235
47,116,21.1673
47,117,55.258
47,118,2.8911
47,119,15.0981
47,121,1.0905
47,123,60.0913
47,124,24.7893
47,125,45.9479
47,126,53.1983
47,128,39.8953
47,129,33.0852
48,51,54.2136
48,53,9.2792
48,56,51.1594
48,61,7.9008
48,65,10.679
48,67,15.0135
48,68,31.9255
48,74,59.408
48,75,21.0327
48,76,2.3415
48,79,22.1123
48,84,46.636
48,86,13.7489
48,89,46.8527
48,91,17.0191
48,105,38.3551
48,107,56.2274
48,109,49.6891
48,110,60.1121
48,112,34.6796
48,118,4.93
48,120,47.3127
48,121,53.8795
48,122,57.3917
48,126,11.4228
48,127,59.6596
48,128,53.0203
49,50,11.2574
49,51,22.635
49,52,39.4263
49,53,50.6222
49,54,48.4945
49,55,28.3495
49,56,42.2441
49,57,61.4427
49,58,19.1281
49,59,46.9722
49,60,4.6789
49,61,53.8769
49,62,56.4798
49,63,60.6748
49,64,37.539
49,65,36.236
49,66,30.612
49,67,46.2794
49,68,16.6809
49,69,48.0339
49,70,39.4168
49,72,40.1622
49,73,7.9207
49,74,6.2075
49,75,14.2955
49,76,23.8442
49,77,56.12
49,78,53.6978
49,79,37.4369
49,80,30.9295
49,81,3.8865
49,83,50.8379
49,85,54.6008
49,86,39.9046
49,87,34.1907
49,89,22.0001
49,90,9.5497
49,91,24.5354
49,92,40.7356
49,93,14.4525
49,94,38.7365
49,95,46.2912
49,96,60.2535
49,97,15.8315
49,98,4.2089
49,99,58.6517
49,100,22.4685
49,102,30.9645
49,103,22.8092
49,105,46.9229
49,106,46.4267
49,107,59.9212
49,108,10.8021
49,109,58.5375
49,110,12.5522
49,111,7.7229
49,112,40.4273
49,113,31.4321
49,114,49.7142
49,115,56.962
49,116,18.26
49,119,10.3995
49,121,43.9896
49,122,51.4507
49,123,42.9283
49,124,19.8834
49,125,27.4086
49,126,43.0326
49,127,59.1218
49,128,36.2097
49,129,53.6203
50,55,14.5779
50,58,32.4595
50,68,15.1757
50,69,48.692
50,70,34.8427
50,73,56.0023
50,77,13.3002
50,78,43.8136
50,80,21.3664
50,81,29.8227
50,86,27.6049
50,90,31.4464
50,93,45.8072
50,94,53.1707
50,96,6.3953
50,100,11.6757
50,102,10.3834
50,103,10.8347
50,104,6.5155
50,107,20.8155
50,110,6.6392
50,111,34.1646
50,114,35.6157
50,118,21.215
50,120,42.1394
50,121,48.4529
50,129,1.9112
51,52,39.3841
51,54,56.5688
51,61,54.2248
51,64,12.9539
51,78,12.9976
51,80,59.3745
51,81,43.0104
51,87,37.7603
51,91,34.463
51,92,61.1756
51,98,58.9448
51,104,22.7004
51,107,31.923
51,108,60.1127
51,112,29.9068
51,115,9.0688
51,116,53.5955
51,119,26.0345
51,125,14.2996
51,127,16.7668
51,129,35.2854
52,53,47.518
52,54,19.6357
52,55,48.8459
52,56,16.2149
52,57,58.258
52,58,26.6401
52,59,46.0137
52,60,38.6432
52,61,8.5699
52,62,31.1741
52,63,29.8292
52,64,35.2822
52,65,10.7645
52,66,44.4731
52,68,28.173
52,69,31.6745
52,70,16.0161
52,71,56.38
52,72,14.518
52,73,35.6102
52,74,11.7788
52,75,25.9679
52,76,56.8913
52,77,54.7615
52,78,23.1989
52,79,29.1798
52,80,31.7059
52,81,3.6029
52,82,56.3377
52,83,46.0165
52,84,56.3239
52,85,41.1046
52,86,44.5093
52,87,6.1315
52,88,47.4709
52,89,59.6921
52,90,18.0741
52,91,16.4609
52,92,34.0224
52,93,31.9581
52,94,49.7869
52,95,33.85
52,96,54.0644
52,97,49.1429
52,98,43.7544
52,99,34.7998
52,100,56.1092
52,101,57.9082
52,102,53.333
52,103,34.6504
52,104,60.8711
52,105,45.0969
52,106,55.3962
52,107,41.4014
52,108,58.715
52,109,41.9538
52,110,55.5675
52,111,41.854
52,112,16.944
52,113,50.023
52,115,11.1985
52,116,31.5432
52,117,59.7381
52,118,25.5724
52,119,19.5289
52,120,1.6666
52,121,18.8264
52,122,4.8044
52,125,29.0553
52,126,21.5342
52,127,60.7255
52,128,13.5559
52,129,41.7496
54,58,47.8987
54,60,55.0064
54,61,57.0866
54,65,31.2557
54,67,8.475
54,68,21.7458
54,72,56.8438
54,74,44.1992
54,75,32.6771
54,79,22.5952
54,81,34.3062
54,83,56.3154
54,85,22.0777
54,87,4.0515
54,92,60.6512
54,94,35.2179
54,95,57.0258
54,96,58.6138
54,98,44.2228
54,102,14.2035
54,105,18.4993
54,106,51.5494
54,109,38.7591
54,112,47.6425
54,113,4.3847
54,115,28.519
54,116,19.5277
54,117,20.3951
54,121,4.3933
54,122,32.8256
54,123,10.808
54,127,25.8726
55,58,46.197
55,59,61.958
55,60,3.324
55,61,52.9536
55,67,20.1093
55,69,53.215
55,71,6.3301
55,72,61.49
55,75,32.7048
55,76,44.07
55,78,59.6153
55,84,6.5401
55,86,6.1129
55,87,9.4451
55,89,19.6935
55,92,3.0375
55,93,7.7642
55,94,32.2654
55,96,28.5002
55,97,49.6034
55,98,10.3807
55,99,29.7389
55,100,9.3498
55,101,59.1052
55,102,36.5191
55,103,21.5442
55,104,35.4785
55,105,19.6086
55,108,22.4688
55,109,38.9413
55,111,17.6753
55,114,16.3887
55,115,61.2542
55,117,57.3784
55,118,6.1359
55,119,60.8475
55,120,17.7659
55,122,58.0414
55,124,10.5724
55,126,19.1738
55,128,39.0188
57,58,37.4908
57,60,45.8546
57,61,37.5025
57,65,12.7688
57,66,40.7945
57,68,17.8592
57,71,13.6128
57,72,21.1663
57,73,13.2856
57,74,18.9257
57,75,35.0922
57,76,59.0181
57,77,31.2777
57,79,58.7299
57,80,46.1642
57,81,32.5608
57,82,51.1359
57,83,44.6916
57,85,14.0204
57,86,41.3481
57,87,4.7951
57,88,37.7504
57,89,60.7216
57,90,17.7955
57,91,37.604
57,92,15.6843
57,93,22.3582
57,94,37.9588
57,96,10.1595
57,98,54.0893
57,99,37.9942
57,100,42.011
57,101,53.906
57,103,35.8766
57,104,55.8696
57,105,58.8965
57,106,48.846
57,107,22.343
57,108,12.9951
57,109,4.2792
57,110,24.2646
57,111,30.199
57,112,40.0047
57,114,15.1978
57,115,29.3539
57,119,19.2105
57,120,48.7788
57,121,32.1948
57,122,54.1609
57,123,24.4318
57,124,49.0326
57,125,44.4938
57,126,37.7101
57,127,16.3952
57,128,54.0256
57,129,54.4466
58,59,44.5514
58,60,54.4545
58,61,3.1382
58,62,47.2089
58,63,51.656
58,64,32.6402
58,65,14.3546
58,66,43.5939
58,67,35.9687
58,68,8.0466
58,69,56.5981
58,70,11.2749
58,71,15.196
58,72,13.0622
58,73,24.2376
58,74,30.1731
58,75,55.2968
58,76,58.827
58,77,3.5073
58,78,15.2326
58,79,47.841
58,80,40.6776
58,81,6.763
58,82,21.3984
58,83,13.4563
58,84,23.2605
58,85,15.2858
58,86,40.4167
58,87,38.8986
58,88,35.1286
58,89,39.9846
58,90,48.1703
58,91,55.2203
58,92,14.091
58,93,52.3914
58,94,7.8374
58,95,40.0798
58,96,24.9939
58,97,30.5925
58,98,51.3165
58,99,10.3054
58,100,18.8088
58,101,61.7587
58,102,5.0604
58,103,56.5996
58,104,2.7676
58,105,31.9042
58,106,37.194
58,107,39.7829
58,108,24.3138
58,109,29.9048
58,110,59.1395
58,111,44.2821
58,112,34.5321
58,113,46.9164
58,114,56.2231
58,115,12.7273
58,116,12.3475
58,118,24.0043
58,119,50.6645
58,120,40.3669
58,121,45.8861
58,122,58.8739
58,123,59.9691
58,124,2.1678
58,125,59.1606
58,126,44.8389
58,127,29.0338
58,128,14.7009
58,129,44.0883
59,60,17.6733
59,61,10.9849
59,62,49.1129
59,63,5.2201
59,67,58.5079
59,68,53.237
59,69,35.5598
59,70,50.1721
59,72,34.6417
59,73,48.8339
59,74,17.0751
59,75,15.2842
59,77,59.7967
59,78,22.9249
59,79,14.7603
59,81,41.719
59,82,37.8819
59,83,9.2141
59,84,10.08
59,87,23.544
59,89,57.4425
59,92,57.5642
59,93,54.488
59,94,2.9036
59,95,50.0503
59,97,24.9186
59,98,48.1991
59,99,9.686
59,100,47.6862
59,101,34.3781
59,103,39.9756
59,107,13.7869
59,110,35.8413
59,111,8.7503
59,112,53.3767
59,113,24.6026
59,114,16.689
59,115,27.514
59,116,27.7774
59,117,52.055
59,118,34.0319
59,119,41.5473
59,120,10.0421
59,121,14.9457
59,123,57.8864
59,124,53.387
59,126,11.6208
59,128,16.3301
60,63,19.6848
60,71,14.148
60,75,20.6512
60,76,12.6814
60,78,15.897
60,82,28.2374
60,83,1.3493
60,84,61.8236
60,85,8.7617
60,86,47.5836
60,87,5.1375
60,88,28.4366
60,90,12.2501
60,93,21.3867
60,95,4.7379
60,96,2.502
60,99,8.0801
60,100,2.1643
60,101,1.8742
60,104,56.7869
60,105,55.9852
60,108,31.3994
60,109,24.0651
60,111,26.1709
60,114,56.0364
60,120,22.0898
60,121,38.6648
60,125,14.247
60,127,9.2292
60,129,15.2096
61,62,23.3458
61,65,24.7706
61,66,8.6045
61,67,29.8717
61,69,58.7011
61,70,14.5419
61,71,35.5155
61,74,34.8654
61,75,12.9354
61,76,10.3059
61,79,4.684
61,80,52.5858
61,83,31.71
61,84,3.4104
61,85,40.51
61,87,39.5614
61,88,54.3388
61,89,42.6216
61,90,58.0644
61,91,40.8338
61,92,46.7854
61,95,34.9838
61,96,52.9563
61,97,2.2682
61,98,40.4566
61,99,57.3599
61,100,35.1808
61,101,21.0944
61,102,36.8081
61,104,47.8221
61,105,37.2559
61,108,34.4527
61,109,36.4861
61,111,17.9828
61,112,17.0959
61,113,2.3568
61,114,47.8624
61,115,44.447
61,116,7.6805
61,118,19.5032
61,119,53.2246
61,120,13.2509
61,121,10.6332
61,122,42.8807
61,123,57.3848
61,124,2.7398
61,125,48.6283
61,126,37.5223
61,127,3.5359
61,128,52.2495
61,129,3.1942
62,63,5.9349
62,64,60.0423
62,66,5.0904
62,68,28.3367
62,70,49.8209
62,72,14.2715
62,73,25.5003
62,74,19.7215
62,75,8.6009
62,77,55.9757
62,78,43.8723
62,80,32.1817
62,82,28.5063
62,83,18.7811
62,84,28.4076
62,86,42.2473
62,92,2.4669
62,95,29.8907
62,96,39.5329
62,99,5.5878
62,101,36.0219
62,103,50.2276
62,104,25.3277
62,105,41.618
62,108,19.4809
62,109,19.0921
62,110,24.0227
62,111,19.9305
62,112,61.6672
62,114,8.4981
62,115,46.9055
62,117,12.2984
62,121,19.3045
62,123,41.3976
62,124,3.7063
62,125,2.1669
62,126,26.4973
62,127,45.7275
63,76,12.0387
63,92,41.0083
63,98,10.6318
63,117,44.1878
63,120,42.0216
65,66,2.9701
65,67,43.3008
65,68,60.9831
65,70,2.4462
65,72,1.5949
65,73,28.356
65,75,9.1609
65,79,24.0424
65,82,26.0362
65,84,27.7986
65,85,30.2026
65,86,1.2901
65,90,52.8855
65,91,6.3455
65,92,34.225
65,94,56.6261
65,96,41.2356
65,97,51.1751
65,98,20.3643
65,99,20.4003
65,100,39.1658
65,103,31.5337
65,105,22.2843
65,110,19.5107
65,112,36.662
65,113,37.074
65,114,31.1814
65,115,30.4738
65,116,57.61
65,118,8.8482
65,119,21.2199
65,120,33.9355
65,121,28.3611
65,124,39.9176
65,125,34.2338
65,129,53.5576
67,68,4.1498
67,73,19.8239
67,76,60.4876
67,77,32.0198
67,79,55.993
67,80,31.3223
67,92,33.457
67,93,8.7572
67,95,52.2066
67,96,27.4721
67,97,53.0996
67,99,41.2823
67,100,4.4902
67,103,28.1729
67,106,12.1019
67,107,46.6709
67,108,20.7254
67,110,58.8076
67,112,2.4847
67,114,44.7491
67,118,28.4737
67,119,32.1989
67,123,29.7035
67,125,30.448
67,128,20.1309
67,129,36.6325
68,69,8.7862
68,71,30.5102
68,75,23.447
68,78,26.1232
68,82,3.3998
68,93,10.1014
68,96,43.5703
68,100,49.1705
68,107,51.8343
68,113,28.7551
68,122,4.2282
68,125,58.6363
69,70,11.6065
69,71,61.2021
69,72,33.8039
69,73,15.9168
69,74,3.494
69,75,51.7464
69,76,2.5598
69,77,53.5219
69,78,27.1099
69,80,23.2572
69,81,14.9949
69,82,14.3847
69,83,31.1786
69,84,4.2691
69,85,15.4041
69,86,55.6898
69,87,49.1584
69,88,37.3363
69,89,2.3437
69,90,52.5148
69,91,6.2426
69,92,18.4225
69,93,28.9071
69,94,31.0907
69,95,32.1461
69,96,60.2552
69,97,9.8991
69,98,29.318
69,99,6.646
69,100,20.4128
69,101,55.5969
69,102,17.8216
69,103,29.7818
69,104,20.034
69,105,15.5037
69,106,25.0622
69,107,55.9482
69,108,55.0285
69,109,38.2116
69,110,57.569
69,111,15.1333
69,112,55.2229
69,113,23.6779
69,114,45.5554
69,115,22.0323
69,116,4.1623
69,117,60.0222
69,118,21.2577
69,119,31.4112
69,120,15.1655
69,121,35.8906
69,122,61.3145
69,123,22.6429
69,124,23.8594
69,125,38.2934
69,126,13.43
69,127,22.0668
69,128,50.9021
69,129,53.2048
70,72,4.5796
70,75,10.7918
70,76,46.7951
70,77,28.4069
70,78,39.5796
70,80,33.587
70,81,54.3589
70,82,47.6894
70,83,59.2436
70,88,4.7825
70,89,50.381
70,90,34.5001
70,93,8.8839
70,95,59.5508
70,96,20.1127
70,98,9.355
70,100,10.0917
70,102,10.2934
70,103,28.9964
70,104,50.0357
70,105,21.0325
70,106,20.3273
70,107,54.7724
70,108,50.4317
70,109,17.271
70,110,21.4508
70,112,17.4489
70,113,52.53
70,114,12.5002
70,116,38.6105
70,117,33.5924
70,118,9.5952
70,120,26.4892
70,121,18.7133
70,122,15.6038
70,125,1.2471
70,127,17.7747
70,128,38.8569
70,129,33.4671
71,78,4.0983
71,82,38.2045
71,89,44.1556
71,95,55.9479
71,96,26.3085
71,97,15.4281
71,104,33.803
71,109,23.777
71,111,6.9783
71,113,27.7301
71,118,20.2564
71,123,41.258
71,126,32.8992
71,127,52.4866
73,75,12.5842
73,76,56.0907
73,77,60.3158
73,78,32.6276
73,79,43.3003
73,80,60.0917
73,81,2.329
73,82,6.8264
73,83,30.3385
73,84,48.4441
73,85,58.1652
73,86,5.6551
73,87,6.3239
73,88,53.1981
73,90,13.7284
73,91,28.0226
73,92,51.2529
73,94,31.6965
73,97,8.7645
73,98,48.2021
73,99,54.7502
73,100,48.8038
73,101,31.5008
73,102,37.5545
73,103,36.6477
73,104,40.1935
73,110,26.3225
73,111,16.9233
73,112,26.3041
73,113,54.2373
73,114,8.01
73,115,8.069
73,116,12.0496
73,118,34.4092
73,120,32.335
73,121,4.6043
73,123,6.7576
73,124,46.8837
73,125,15.1747
73,127,39.0066
73,128,29.7386
74,75,31.4643
74,76,6.1041
74,77,56.0829
74,78,50.7282
74,79,5.59
74,80,3.6677
74,81,34.1748
74,82,19.5483
74,83,48.4554
74,84,58.8764
74,85,18.6169
74,86,55.5174
74,87,33.3907
74,88,43.2836
74,89,18.4344
74,90,21.7087
74,91,57.0247
74,92,5.9076
74,93,41.2606
74,94,20.2468
74,95,48.108
74,96,38.9297
74,97,53.1503
74,98,41.1208
74,99,5.6986
74,100,52.6064
74,101,29.0152
74,102,53.164
74,103,25.3895
74,104,44.0978
74,105,32.9172
74,106,8.3621
74,107,32.7092
74,108,8.8051
74,109,58.2286
74,110,39.3773
74,111,51.7765
74,112,52.6776
74,113,46.3583
74,114,54.1682
74,115,22.0332
74,116,60.7486
74,117,21.953
74,118,19.6439
74,119,41.774
74,120,55.7397
74,121,33.7862
74,122,7.0835
74,123,6.9019
74,124,30.0126
74,125,16.8902
74,126,48.8371
74,127,9.0558
74,128,7.0606
74,129,15.4195
75,76,48.7641
75,77,6.5532
75,78,44.6842
75,79,51.6857
75,80,2.5672
75,82,35.9248
75,83,15.3336
75,85,37.868
75,87,51.8302
75,89,36.0168
75,95,28.6457
75,96,19.5716
75,98,29.5827
75,101,46.7827
75,102,35.8455
75,103,23.8995
75,104,48.05
75,106,46.2201
75,107,9.8402
75,110,18.7092
75,111,40.9806
75,112,17.7789
75,114,27.1701
75,115,52.5351
75,119,55.0373
75,121,16.5682
75,122,54.7058
75,124,44.5212
75,125,40.3295
75,126,51.3158
75,127,15.8613
75,128,39.1373
75,129,31.6563
76,77,49.1155
76,78,59.1185
76,79,16.854
76,82,34.3425
76,83,1.8962
76,84,50.2404
76,85,59.8807
76,86,27.2376
76,89,48.5701
76,95,44.5965
76,97,21.2492
76,98,26.8594
76,109,8.6412
76,110,7.6361
76,111,22.9006
76,112,19.578
76,114,16.7344
76,115,27.565
76,116,10.8466
76,117,27.2816
76,119,52.3054
76,120,2.9125
76,122,17.933
76,125,11.827
76,126,55.1955
76,127,52.3814
79,80,53.2105
79,81,44.4433
79,82,25.018
79,83,32.93
79,85,57.0382
79,86,2.4301
79,87,52.6873
79,90,14.749
79,91,1.1258
79,92,61.862
79,93,35.6823
79,99,57.2778
79,100,45.0128
79,101,61.8475
79,105,59.858
79,112,28.7528
79,116,57.1443
79,117,54.998
79,118,2.4575
79,119,54.9772
79,120,31.3398
79,121,61.2928
79,122,11.0447
79,123,25.9325
79,126,35.3135
79,127,40.6612
80,81,44.8927
80,82,14.753
80,83,43.8729
80,84,16.275
80,86,47.9242
80,91,49.7254
80,94,17.7463
80,95,43.1228
80,96,53.6682
80,101,3.5343
80,106,50.2129
80,107,50.9224
80,108,5.8115
80,111,5.9783
80,112,25.7061
80,113,37.2172
80,114,24.2245
80,115,15.3741
80,117,54.0551
80,119,44.4718
80,120,12.8881
80,123,34.4245
80,126,22.942
81,82,23.8916
81,85,54.3831
81,86,30.7659
81,87,7.5892
81,88,30.5537
81,89,55.4407
81,90,1.8412
81,91,5.5766
81,92,31.7613
81,93,54.4983
81,94,33.718
81,95,31.1125
81,96,29.4311
81,97,3.7891
81,98,18.8221
81,99,24.3992
81,102,14.2238
81,104,30.0591
81,106,18.9347
81,107,9.6017
81,109,60.2846
81,110,9.1874
81,111,36.97
81,112,21.3786
81,114,26.2166
81,115,32.46
81,117,4.1375
81,118,12.8776
81,119,60.4298
81,120,58.5371
81,121,52.2563
81,122,17.5862
81,123,20.1464
81,124,7.879
81,125,35.6434
81,126,26.0237
81,127,5.5237
81,128,27.9038
81,129,49.2744
85,86,29.8819
85,88,51.9454
85,89,5.0753
85,90,21.4506
85,91,26.6085
85,92,35.8168
85,93,44.449
85,94,49.4924
85,95,53.3911
85,96,10.3411
85,98,21.6404
85,99,42.2159
85,100,15.6763
85,101,60.807
85,102,38.4114
85,103,37.3751
85,104,24.9029
85,105,4.3208
85,106,6.4454
85,108,41.7454
85,109,14.9949
85,110,14.893
85,111,16.3061
85,112,28.4787
85,113,56.4851
85,114,16.1737
85,115,39.343
85,116,29.3512
85,117,42.399
85,118,7.6164
85,121,22.1745
85,123,15.505
85,126,20.4196
85,127,46.1661
85,128,3.0563
85,129,56.5099
86,87,17.2519
86,88,28.7166
86,89,2.8041
86,90,47.454
86,91,55.1351
86,92,52.64
86,93,42.8863
86,94,48.7729
86,95,6.4916
86,97,20.3193
86,98,9.6338
86,99,11.0736
86,100,2.5975
86,102,44.858
86,103,30.0394
86,104,12.5148
86,106,48.6187
86,107,48.46
86,108,49.1105
86,109,24.7332
86,110,36.8211
86,111,3.5595
86,112,36.9885
86,113,22.5178
86,114,34.6581
86,115,58.7855
86,116,21.561
86,117,5.8723
86,118,12.8817
86,119,33.8773
86,120,46.951
86,121,39.7076
86,122,27.3098
86,123,20.9948
86,124,53.9242
86,125,28.03
86,126,7.482
86,127,5.6831
86,128,2.9298
86,129,26.9103
87,88,11.3799
87,89,47.1755
87,90,18.1683
87,91,49.0503
87,92,42.432
87,93,57.3711
87,94,7.9577
87,95,25.3368
87,96,1.9795
87,97,38.5389
87,98,19.9587
87,99,29.7883
87,100,45.13
87,101,29.933
87,102,18.2298
87,103,26.962
87,104,16.1504
87,105,4.861
87,106,31.8976
87,107,35.0082
87,108,2.4822
87,109,2.0569
87,110,15.3483
87,111,44.4704
87,112,31.468
87,113,5.6137
87,114,52.2082
87,115,54.795
87,116,54.7156
87,117,1.4493
87,118,32.9574
87,119,55.872
87,120,36.5949
87,121,10.8294
87,122,29.2515
87,123,24.6169
87,124,2.5868
87,125,23.3511
87,126,20.3117
87,127,34.5353
87,128,6.7775
87,129,14.0287
88,89,30.7913
88,90,40.4915
88,92,61.7519
88,93,59.574
88,94,52.7091
88,95,20.0016
88,96,44.2222
88,97,29.635
88,100,12.3632
88,101,44.8632
88,102,19.4662
88,106,28.2518
88,108,23.2166
88,109,22.1366
88,111,13.5648
88,114,32.8679
88,115,23.8351
88,118,57.0129
88,119,26.0631
88,120,51.9354
88,124,25.6429
88,125,36.2149
88,126,9.946
88,128,52.5454
88,129,39.8587
89,90,9.5321
89,91,55.0816
89,92,28.9229
89,93,60.2757
89,95,26.5927
89,96,16.017
89,97,25.1744
89,98,38.2675
89,99,51.0023
89,100,27.7354
89,101,37.0174
89,103,43.5484
89,104,57.9656
89,106,16.2144
89,107,52.7827
89,108,53.3856
89,110,7.6726
89,111,21.5337
89,112,57.327
89,113,43.0688
89,114,43.6739
89,115,31.9487
89,116,35.4363
89,117,18.4891
89,118,31.4769
89,119,3.7515
89,120,18.9304
89,121,37.6608
89,122,11.7324
89,123,16.1234
89,124,39.674
89,126,17.2758
89,127,58.9953
89,128,21.7168
89,129,14.8488
90,91,57.6333
90,92,4.7164
90,93,28.4215
90,94,60.801
90,95,21.1858
90,96,31.9253
90,97,32.2186
90,98,29.3334
90,99,7.1325
90,100,34.8821
90,101,59.6808
90,102,36.4831
90,103,8.9737
90,104,7.2705
90,105,26.4867
90,106,34.3264
90,107,53.9284
90,108,25.7363
90,109,50.4929
90,110,5.1679
90,111,58.7967
90,112,11.5618
90,113,5.4155
90,114,6.627
90,115,18.9429
90,116,55.9204
90,117,5.4038
90,118,50.8453
90,119,50.5071
90,120,50.9937
90,121,12.7952
90,122,17.0297
90,123,55.2422
90,124,49.1714
90,125,16.5685
90,126,11.35
90,127,8.707
90,128,26.7285
90,129,3.1183
92,93,48.9259
92,94,44.948
92,95,18.7977
92,96,6.8534
92,97,50.0158
92,98,60.9538
92,99,13.104
92,100,3.5569
92,101,59.191
92,102,23.7404
92,103,13.9454
92,104,55.6636
92,105,25.0463
92,106,27.0613
92,107,59.2552
92,108,45.7205
92,109,27.7162
92,110,38.8248
92,111,19.9929
92,112,13.1053
92,113,59.8215
92,114,12.6398
92,115,33.1523
92,116,7.3891
92,117,48.0967
92,118,42.2987
92,119,11.2349
92,120,28.8975
92,121,33.5375
92,122,25.3086
92,123,20.4875
92,124,13.7459
92,125,5.6535
92,126,42.6954
92,127,38.3882
92,128,38.8346
92,129,43.5301
93,94,34.8559
93,95,8.6295
93,96,48.9802
93,97,20.5263
93,98,45.0217
93,99,20.8837
93,100,30.5561
93,101,9.8792
93,102,35.5687
93,103,37.8191
93,104,35.6497
93,105,57.5491
93,106,27.5146
93,107,40.1149
93,108,51.6842
93,109,3.4099
93,110,49.6057
93,111,58.9087
93,112,52.3521
93,113,9.864
93,114,20.8008
93,115,49.6917
93,116,36.6025
93,117,5.3718
93,118,30.5755
93,119,24.0965
93,120,12.261
93,121,1.7667
93,123,44.8224
93,124,56.6285
93,125,49.6777
93,126,44.5528
93,127,45.6258
93,128,18.8722
93,129,23.1448
94,95,7.4058
94,97,25.1098
94,98,29.4391
94,99,7.1117
94,100,3.3894
94,101,60.7943
94,102,4.0611
94,106,29.9288
94,110,29.0362
94,111,49.1356
94,112,14.8811
94,114,60.9823
94,116,7.2124
94,118,2.32
94,119,33.3798
94,121,12.9533
94,124,52.8771
94,127,21.2381
94,128,39.1059
96,97,8.1807
96,101,53.7961
96,103,61.8704
96,108,13.5739
96,110,59.8555
96,112,23.5815
96,123,29.9188
96,124,22.6421
97,98,34.9343
97,99,10.3597
97,100,8.2365
97,101,22.5779
97,102,21.287
97,103,55.623
97,104,33.8044
97,105,15.3966
97,106,16.6447
97,107,52.5933
97,108,47.2562
97,109,7.4891
97,110,34.3275
97,111,40.2398
97,112,16.7029
97,113,48.9318
97,114,47.4787
97,115,10.4676
97,116,22.4343
97,117,41.184
97,118,13.1824
97,119,22.9808
97,120,39.673
97,121,44.6458
97,122,16.2324
97,123,11.1242
97,124,34.764
97,125,11.2288
97,126,9.8723
97,127,34.0918
97,128,58.0313
97,129,3.4236
98,99,15.8321
98,100,32.9857
98,102,24.4468
98,105,48.6665
98,109,4.7284
98,111,57.1422
98,113,14.2478
98,114,54.2504
98,115,43.3908
98,116,55.1741
98,117,11.7226
98,118,15.0908
98,119,55.0854
98,123,58.2845
98,125,17.3014
98,126,33.4813
98,127,14.3666
98,128,15.9243
98,129,1.7243
99,100,55.6369
99,101,45.7322
99,102,52.6529
99,103,35.1312
99,104,28.5293
99,105,3.6235
99,106,38.2138
99,107,29.3181
99,108,26.193
99,109,45.1391
99,110,60.0145
99,111,14.7527
99,112,52.9412
99,113,23.5379
99,114,13.858
99,115,19.8282
99,116,21.4244
99,117,50.8292
99,118,41.1931
99,119,20.9281
99,120,34.9442
99,121,15.7755
99,122,50.3928
99,123,41.6071
99,124,9.6722
99,125,26.6707
99,126,17.8311
99,127,30.1083
99,128,27.4861
99,129,47.8038
100,101,17.804
100,102,10.8895
100,107,10.7145
100,109,30.3113
100,118,43.9954
100,120,3.7641
100,121,28.2575
100,122,27.601
100,124,60.3976
100,126,12.6893
100,128,30.1386
102,117,38.4924
103,107,36.9563
103,108,45.2347
103,111,29.7774
103,113,34.2884
103,114,21.4906
103,116,12.948
103,117,18.5391
103,119,4.3976
103,120,27.4693
103,121,16.9254
103,122,51.8098
103,123,58.6135
103,124,22.2972
103,125,34.6075
103,126,21.3139
103,127,1.7242
105,106,25.6075
105,107,7.7674
105,108,29.6583
105,109,55.8355
105,110,35.7436
105,111,39.225
105,112,30.818
105,113,41.6055
105,114,31.3968
105,115,21.6677
105,116,39.7503
105,117,4.38
105,118,46.7762
105,119,10.4417
105,120,52.3841
105,121,52.7121
105,122,23.243
105,123,6.2138
105,124,21.6444
105,125,45.05
105,126,56.3501
105,127,8.6493
105,128,18.5543
105,129,8.1343
106,107,38.0177
106,108,43.9551
106,109,60.4962
106,110,29.638
106,111,48.0087
106,112,14.1404
106,113,3.1701
106,114,44.8809
106,115,1.918
106,116,37.552
106,117,39.0754
106,118,42.117
106,119,40.1147
106,120,15.0559
106,121,53.1002
106,122,39.0958
106,123,45.7541
106,124,41.1687
106,125,55.4295
106,126,37.7959
106,127,5.5867
106,128,10.2883
106,129,34.5141
107,108,42.4168
107,109,15.3284
107,110,51.6058
107,111,37.7433
107,112,51.2148
107,113,23.6036
107,114,40.8572
107,115,38.1306
107,116,3.5331
107,117,16.8621
107,118,53.8512
107,119,44.588
107,120,11.946
107,121,58.2257
107,122,39.3894
107,123,6.8984
107,124,39.2552
107,125,24.7878
107,126,52.767
107,127,61.1678
107,128,30.1072
107,129,20.9829
108,109,21.452
108,110,18.5132
108,111,43.9804
108,112,23.6421
108,113,52.4975
108,114,17.3925
108,115,11.2492
108,116,37.8111
108,117,9.1703
108,118,33.0685
108,119,57.3994
108,120,28.8998
108,121,57.1541
108,122,49.4009
108,123,14.3836
108,124,9.6994
108,125,29.9802
108,126,23.5878
108,127,28.3544
108,128,40.2382
108,129,44.2427
109,111,15.575
109,112,31.2554
109,113,26.157
109,117,48.9726
109,119,56.9285
109,120,44.198
109,125,41.3521
109,126,52.1153
109,127,7.4909
109,128,45.0962
109,129,16.1393
110,113,42.6178
110,117,14.944
110,118,37.1086
110,119,29.0288
110,122,12.2047
110,124,7.3287
110,125,46.7349
110,127,34.1487
111,112,4.0724
111,113,33.7227
111,114,15.568
111,115,38.1214
111,116,6.1078
111,117,4.1432
111,118,36.069
111,119,59.6197
111,120,61.9724
111,121,16.3892
111,122,23.9089
111,123,33.7898
111,124,19.6655
111,125,15.2351
111,126,61.3215
111,127,20.1832
111,128,19.1557
111,129,6.4258
112,116,26.2649
112,119,48.5558
112,120,33.2938
112,121,7.9618
112,129,9.4858
113,114,11.5126
113,115,44.6307
113,116,17.2194
113,117,3.6451
113,118,58.1827
113,119,6.9394
113,120,39.9012
113,121,1.8472
113,122,43.5204
113,123,37.3689
113,124,11.4177
113,125,1.2723
113,126,12.0392
113,127,24.9586
113,128,36.257
113,129,12.8566
114,120,16.8869
114,129,26.1662
115,119,26.3272
115,126,18.474
115,127,17.3916
118,121,27.2315
118,124,5.0668
118,126,11.1347
119,120,42.0401
119,121,48.7158
119,122,34.8694
119,123,30.1633
119,124,41.9631
119,125,6.6432
119,127,15.8804
120,121,13.2294
120,122,36.4557
120,123,57.2374
120,124,29.8683
120,125,9.6326
120,126,57.3499
120,127,27.7478
120,128,34.7907
120,129,7.6198
121,122,59.6785
121,123,24.8897
121,125,32.1864
121,126,42.9645
121,129,8.8082
122,123,59.1103
122,124,39.3387
122,125,17.0944
122,126,57.6575
122,127,58.7364
122,128,48.5853
122,129,54.535
123,124,15.5763
123,125,15.8852
123,126,10.7225
123,127,54.0167
123,128,30.9053
123,129,49.9321
126,127,8.4151
126,128,56.647
126,129,58.0689
