row,col,weight
0,3,9.667
0,5,48.9777
0,14,3.6952
0,15,21.0936
0,22,22.8762
0,23,57.9014
0,29,69.8389
0,33,84.9821
0,35,20.424
0,37,9.2651
0,40,45.9382
0,41,1.2027
0,42,61.3443
0,45,58.2449
0,46,64.5165
0,48,60.0621
0,49,52.9001
0,50,18.6081
0,51,55.4956
0,53,51.2074
0,57,26.8238
0,58,74.2695
0,64,40.3922
0,66,52.951
0,78,74.6021
0,79,51.2996
0,83,73.5636
0,84,10.6646
0,86,29.3437
0,89,68.5368
0,93,18.4526
0,95,67.9377
0,98,62.9619
0,101,71.3965
0,104,26.5621
0,105,7.4985
0,106,2.8334
0,109,12.2088
0,111,70.3634
0,112,78.057
0,115,17.9149
0,116,71.7973
0,120,83.2082
0,121,44.9517
0,125,10.996
0,127,59.2689
1,16,28.1904
1,20,60.8522
1,30,45.6282
1,44,18.2764
1,48,12.0685
1,49,24.3548
1,53,85.3793
1,69,62.2939
1,76,80.5163
1,77,39.0946
1,91,76.1432
1,110,43.9799
1,112,3.7155
1,126,7.985
1,129,31.9449
2,3,45.1298
2,6,28.6754
2,7,55.7861
2,8,34.0795
2,10,19.4568
2,11,25.2631
2,13,59.8232
2,14,73.4865
2,16,35.8551
2,19,77.4314
2,20,76.2256
2,21,35.799
2,23,78.8748
2,28,74.3904
2,34,69.3073
2,36,55.2752
2,37,43.8073
2,38,19.3208
2,40,1.7712
2,41,51.6886
2,42,52.4256
2,43,10.0426
2,45,4.2236
2,47,77.1022
2,49,1.8369
2,50,14.2427
2,51,37.8363
2,54,26.3816
2,56,14.3078
2,57,22.038
2,59,37.7231
2,61,75.8792
2,62,48.9246
2,64,1.7036
2,67,77.9001
2,69,78.302
2,73,4.0911
2,75,16.924
2,76,69.1046
2,77,83.3871
2,78,27.0449
2,79,74.7425
2,81,54.9094
2,87,55.2496
2,89,14.7169
2,90,10.2876
2,91,64.7356
2,92,61.4159
2,93,67.5019
2,103,69.4133
2,104,28.985
2,105,9.4429
2,107,67.0029
2,109,64.7776
2,111,9.5294
2,112,26.6012
2,113,56.1212
2,115,7.0053
2,122,48.0342
2,126,77.7108
3,10,29.9464
3,11,60.2228
3,13,63.2378
3,14,19.0567
3,15,83.4356
3,17,6.5852
3,18,29.7306
3,19,48.1208
3,20,33.5832
3,26,2.7404
3,27,11.0352
3,28,58.3991
3,32,78.363
3,33,57.887
3,34,43.1032
3,36,58.7096
3,37,67.1459
3,40,54.3962
3,41,47.7631
3,44,51.4936
3,46,68.464
3,49,49.3661
3,51,18.2262
3,53,64.7151
3,55,39.5476
3,60,44.9571
3,61,42.2242
3,64,66.5714
3,65,85.2843
3,68,31.0209
3,69,29.7988
3,72,69.503
3,73,7.566
3,75,40.0422
3,76,6.8492
3,79,21.3436
3,80,85.3134
3,81,49.0018
3,84,4.149
3,85,7.076
3,86,30.7742
3,90,53.1504
3,91,19.371
3,92,29.6011
3,93,49.0888
3,94,50.5765
3,95,59.1493
3,96,58.6698
3,97,72.4824
3,99,44.3853
3,101,74.2427
3,107,74.9415
3,109,47.3823
3,110,1.0901
3,111,29.9017
3,113,69.2152
3,117,85.8788
3,118,12.5101
3,120,3.0536
3,122,38.406
3,123,22.917
3,125,24.8913
3,127,15.6869
3,128,34.8836
4,5,70.4268
4,6,16.7097
4,7,73.5008
4,8,83.5764
4,11,32.8452
4,12,27.6121
4,13,34.839
4,14,6.7009
4,15,83.2337
4,20,32.8612
4,21,42.4757
4,22,63.9359
4,23,74.8323
4,24,55.6258
4,25,34.5125
4,27,9.002
4,28,68.5034
4,32,53.156
4,35,74.5892
4,36,27.5695
4,38,17.5058
4,41,81.2737
4,42,21.7324
4,43,26.1167
4,44,33.1351
4,45,77.9654
4,46,38.3359
4,47,42.1063
4,49,79.3711
4,57,65.2463
4,58,22.7772
4,60,72.4258
4,61,73.1399
4,62,28.0244
4,64,8.0751
4,65,62.1435
4,66,21.5447
4,68,27.798
4,69,9.9501
4,72,33.8177
4,73,69.0717
4,74,4.2911
4,76,7.2557
4,77,67.5193
4,78,85.475
4,79,74.9071
4,83,61.4542
4,84,25.2759
4,86,15.2127
4,89,40.4459
4,93,7.0043
4,96,45.0555
4,97,40.6417
4,98,73.9488
4,99,26.7359
4,100,53.8378
4,101,37.1506
4,102,68.1367
4,103,8.0456
4,104,55.9159
4,105,73.4445
4,106,57.8933
4,107,30.3122
4,108,55.9774
4,109,56.5491
4,111,27.1008
4,115,72.5386
4,117,64.2974
4,119,62.0837
4,120,35.8198
4,121,71.9355
4,122,66.3596
4,124,79.8935
4,126,76.4435
4,127,47.7752
5,6,9.2825
5,9,37.8025
5,20,17.8319
5,22,51.6918
5,23,14.762
5,26,21.0993
5,30,37.8092
5,32,32.708
5,34,63.6041
5,35,20.2497
5,39,75.3839
5,56,58.6023
5,57,83.7189
5,62,9.3067
5,65,57.4286
5,66,8.2526
5,72,84.9117
5,78,2.5051
5,83,72.6845
5,84,55.0378
5,93,13.3461
5,107,27.614
5,109,51.6251
5,117,11.4627
5,121,76.072
5,123,40.8666
5,125,39.8558
5,128,26.853
6,23,32.7195
6,25,57.6572
6,28,33.3387
6,73,47.9554
6,84,4.5335
6,92,14.3974
6,108,6.0163
6,109,20.1727
7,12,78.6165
7,16,72.0304
7,44,7.6682
7,50,32.0791
7,53,19.7161
7,68,36.7943
7,69,40.7382
7,77,64.0154
7,84,17.9902
7,86,35.3854
7,88,31.8755
7,98,13.0898
7,106,50.7253
7,120,10.5012
7,121,30.4879
7,124,80.381
7,127,34.693
8,9,22.3978
8,10,61.3334
8,11,65.611
8,14,25.5838
8,15,32.6577
8,17,76.9298
8,19,22.002
8,21,12.318
8,24,18.9398
8,26,73.562
8,31,12.8964
8,32,4.7217
8,33,72.3251
8,37,72.0807
8,39,14.4656
8,41,47.51
8,43,19.5851
8,44,5.2994
8,45,23.2171
8,46,14.5237
8,48,61.4457
8,53,74.9673
8,55,5.9878
8,56,20.7025
8,63,2.5606
8,64,49.6635
8,66,14.4697
8,67,16.7252
8,68,30.3247
8,69,9.462
8,74,38.6636
8,80,65.3659
8,84,52.7109
8,85,9.0471
8,86,48.3815
8,90,20.0137
8,91,45.3983
8,94,14.8621
8,96,5.1843
8,98,14.5722
8,102,25.0325
8,105,1.5977
8,106,81.3074
8,109,7.5175
8,111,6.3615
8,113,83.7926
8,119,23.1396
8,125,75.2878
8,126,2.672
9,10,5.8582
9,14,82.6135
9,15,46.8378
9,17,23.3942
9,19,42.7008
9,21,60.7014
9,22,6.8438
9,23,6.5507
9,25,25.555
9,26,37.0562
9,28,9.0792
9,29,19.608
9,30,38.8992
9,32,54.7089
9,33,58.1725
9,37,5.1851
9,38,38.1852
9,39,24.4502
9,40,69.1873
9,41,28.7026
9,43,22.827
9,45,55.7256
9,49,75.7211
9,50,26.2468
9,51,78.6009
9,52,52.997
9,53,6.7507
9,54,17.7045
9,56,29.4938
9,57,25.7144
9,62,2.7621
9,64,36.2291
9,65,28.0917
9,67,28.326
9,68,24.3947
9,69,21.5455
9,70,9.5279
9,71,32.4385
9,72,37.9289
9,73,35.3081
9,76,3.5024
9,77,68.7031
9,79,72.0365
9,80,8.1384
9,81,43.3544
9,82,78.0338
9,84,75.6062
9,86,26.9647
9,87,77.7989
9,88,80.804
9,89,84.8188
9,91,76.0525
9,92,85.9135
9,94,77.2668
9,96,29.8364
9,98,31.9059
9,99,34.3719
9,100,51.0764
9,101,85.6874
9,102,56.7893
9,103,9.4531
9,104,67.7984
9,108,78.2413
9,109,18.316
9,110,80.2775
9,113,63.6101
9,114,72.9024
9,115,54.7062
9,118,15.8849
9,122,4.9927
9,125,36.9015
10,13,21.0891
10,18,21.8026
10,38,1.773
10,39,70.9225
10,43,51.0522
10,44,23.6095
10,45,57.896
10,48,69.2508
10,49,69.7583
10,55,19.0367
10,57,81.6951
10,61,48.5116
10,64,6.7777
10,74,69.6372
10,79,37.9477
10,87,69.4469
10,88,64.436
10,99,73.3398
10,100,15.359
10,101,7.1264
10,106,69.4006
10,107,8.2633
10,109,72.8409
10,124,30.2674
10,129,82.8722
11,17,71.8263
11,58,59.0461
11,83,64.9504
11,89,55.9618
11,107,25.5304
11,128,71.138
12,13,56.0758
12,14,57.4748
12,23,48.7123
12,28,77.6693
12,29,76.2306
12,37,6.1308
12,39,24.6259
12,40,80.3292
12,44,18.6585
12,45,52.7591
12,48,55.927
12,51,24.3001
12,54,32.7122
12,55,21.1497
12,58,18.4328
12,60,20.0833
12,61,81.8701
12,62,10.1967
12,64,25.7036
12,68,79.2585
12,73,12.6153
12,75,45.2012
12,76,49.339
12,78,85.9507
12,79,54.5277
12,88,78.6508
12,89,30.2687
12,91,14.4157
12,93,82.2386
12,104,4.9563
12,109,39.2404
12,117,36.8753
12,123,33.0512
12,124,26.3253
12,125,21.6185
12,126,37.2844
12,127,72.2281
13,49,17.2643
14,71,19.7375
14,103,15.2272
15,16,36.5398
15,17,2.9133
15,18,17.3247
15,19,16.0723
15,22,68.6546
15,24,13.9894
15,26,37.1099
15,27,56.1115
15,28,56.8599
15,29,68.5292
15,30,6.1007
15,31,47.4021
15,32,9.0833
15,33,1.2949
15,34,43.1636
15,37,4.1414
15,39,82.751
15,40,15.6127
15,43,76.7099
15,44,22.9754
15,45,4.1729
15,46,63.6098
15,47,79.2847
15,48,14.3515
15,49,50.6359
15,50,65.8329
15,52,75.8932
15,54,64.765
15,55,72.3535
15,57,19.1976
15,59,71.1808
15,60,6.0803
15,61,22.2542
15,63,18.8995
15,64,20.2819
15,65,78.4754
15,66,79.4204
15,67,68.9372
15,68,35.1106
15,69,58.922
15,70,57.3484
15,73,36.9712
15,75,68.9275
15,76,8.7436
15,77,75.5621
15,78,49.6132
15,79,53.5009
15,82,83.1811
15,83,37.9532
15,84,68.5634
15,85,28.4946
15,86,40.6283
15,88,22.4746
15,90,20.9712
15,96,75.2301
15,97,23.8162
15,99,81.8936
15,101,40.1306
15,103,74.6873
15,106,59.9592
15,107,20.1989
15,108,2.8944
15,109,58.8936
15,110,18.1858
15,111,52.6215
15,112,28.2843
15,113,82.9811
15,114,22.9826
15,115,85.3943
15,117,58.3435
15,119,61.5832
15,120,45.1267
15,121,11.2899
15,122,55.248
15,123,10.6349
15,125,75.485
15,126,52.7232
15,127,39.8203
15,128,70.4224
16,67,33.2688
16,82,37.7404
16,86,37.7394
16,99,53.3655
16,112,22.8683
16,129,39.6936
17,24,44.7911
17,29,34.5331
17,33,2.1429
17,39,4.7126
17,41,35.2539
17,48,19.0538
17,53,81.5392
17,68,35.0595
17,69,33.1809
17,70,28.5602
17,99,7.5346
17,100,48.3411
17,119,4.4447
17,124,40.4246
17,126,61.8061
17,127,10.4982
17,129,85.1053
18,19,79.2915
18,21,4.9611
18,29,53.0081
18,35,61.9626
18,40,37.9879
18,47,55.1205
18,48,3.9579
18,56,30.9794
18,57,47.9834
18,60,37.5342
18,63,74.4547
18,64,57.7675
18,68,83.7197
18,69,77.4277
18,75,24.4948
18,78,77.7356
18,90,36.2425
18,92,47.6491
18,95,71.5922
18,101,19.3406
18,103,7.7013
18,107,11.303
18,109,36.1356
18,121,42.8106
18,124,70.7163
18,128,83.6793
19,26,51.3814
19,29,15.3376
19,30,12.5837
19,32,6.4387
19,33,74.0375
19,38,69.0361
19,39,51.419
19,40,16.3545
19,41,75.3781
19,42,60.8409
19,46,43.1098
19,47,77.1538
19,52,11.4866
19,58,22.033
19,68,76.034
19,73,26.1396
19,74,21.782
19,75,11.3205
19,83,15.5039
19,85,26.0141
19,87,58.2541
19,88,14.1852
19,89,49.7599
19,90,12.5624
19,113,80.6608
19,114,6.8111
19,118,80.0011
19,120,8.8052
19,124,7.2832
19,126,5.1408
20,22,77.8387
20,24,49.494
20,30,82.0466
20,40,29.7794
20,51,52.2618
20,54,53.5618
20,56,11.5005
20,60,15.957
20,66,7.5712
20,73,20.562
20,74,73.0392
20,75,25.4186
20,78,49.4587
20,87,34.0753
20,88,64.1267
20,112,61.7642
20,113,22.4631
20,114,76.7758
20,118,44.1623
20,126,81.699
21,24,42.6459
21,25,4.7447
21,26,15.8602
21,27,83.7426
21,29,36.1125
21,31,17.3102
21,33,47.2262
21,34,80.3772
21,36,68.7186
21,37,68.4378
21,38,61.975
21,39,46.8793
21,40,15.4538
21,41,1.6014
21,46,30.5226
21,48,54.3752
21,49,25.0016
21,50,77.0336
21,51,3.984
21,52,83.2322
21,53,45.2185
21,54,1.565
21,55,47.2758
21,56,62.7136
21,57,30.3263
21,58,13.8462
21,59,47.7932
21,61,44.449
21,62,60.7285
21,63,52.7217
21,64,68.3738
21,65,33.5018
21,66,30.3673
21,67,23.5182
21,68,73.2884
21,69,57.9913
21,70,46.3559
21,71,39.4932
21,72,52.4764
21,73,18.3062
21,74,66.3605
21,75,58.0041
21,76,72.4988
21,77,77.4738
21,81,37.2584
21,82,2.9642
21,83,80.5408
21,84,62.7764
21,85,60.6462
21,86,2.7562
21,87,24.7732
21,88,27.4489
21,89,79.0644
21,92,69.514
21,94,65.1664
21,95,41.3332
21,96,32.0367
21,97,54.2971
21,98,61.633
21,100,66.5729
21,101,35.7198
21,102,66.582
21,103,39.3683
21,104,83.1426
21,106,14.6444
21,107,38.8264
21,108,45.6627
21,109,29.5152
21,110,82.2114
21,111,49.3908
21,112,77.8995
21,113,38.1181
21,114,43.0201
21,116,11.7458
21,118,46.1999
21,119,46.0232
21,121,56.6566
21,122,36.8021
21,124,8.5581
21,126,42.4287
21,127,20.7017
21,129,43.6743
22,47,84.1935
22,51,62.101
22,55,34.6319
22,57,66.0738
22,64,84.2
22,71,58.9121
22,74,72.228
22,90,76.361
22,118,76.3248
23,24,81.2392
23,25,50.6977
23,27,62.5693
23,28,75.3467
23,36,29.9765
23,39,53.0335
23,42,67.4471
23,44,69.6719
23,45,65.0133
23,46,41.9784
23,52,36.2668
23,54,4.0447
23,57,75.7969
23,58,68.6592
23,61,4.9612
23,66,51.8465
23,67,60.6052
23,70,72.551
23,71,50.1826
23,75,57.9722
23,76,36.5925
23,78,18.107
23,80,8.3331
23,83,68.1271
23,84,45.2082
23,96,35.6418
23,97,49.6345
23,98,71.9406
23,104,43.033
23,108,58.5081
23,110,66.9069
23,121,85.8911
23,123,21.855
23,126,46.8597
23,127,63.1804
23,128,16.3707
24,25,62.2329
24,29,7.5454
24,30,48.459
24,31,76.2823
24,34,60.9906
24,38,7.6086
24,42,3.5966
24,46,68.3313
24,53,33.8817
24,54,12.0762
24,59,34.2782
24,61,42.1682
24,66,54.3779
24,71,66.1555
24,72,22.1121
24,73,83.5437
24,74,46.8765
24,75,71.5067
24,80,42.0452
24,82,69.1712
24,84,23.5314
24,87,78.0695
24,88,83.5068
24,95,26.1736
24,106,53.771
24,107,65.1519
24,110,29.1748
24,112,66.3246
24,113,28.6589
24,116,34.0312
24,122,76.8615
24,126,21.2775
25,32,58.0116
25,36,61.6275
25,46,68.0037
25,48,31.735
25,51,60.0702
25,54,18.8183
25,77,84.6089
25,84,20.1848
25,96,64.5107
25,114,56.0944
25,118,76.8874
27,28,3.7355
27,31,47.2694
27,32,79.2877
27,34,36.7764
27,35,40.7284
27,36,54.0052
27,37,27.2687
27,42,63.7577
27,44,9.6119
27,45,73.8333
27,46,3.9588
27,47,59.1774
27,48,33.3403
27,49,54.8939
27,51,78.6883
27,52,5.0908
27,53,48.3953
27,54,32.0686
27,56,73.0508
27,57,9.7803
27,58,85.0807
27,59,15.6257
27,60,82.097
27,61,65.5572
27,62,32.5357
27,63,71.439
27,64,65.8699
27,65,30.8822
27,66,11.5529
27,67,51.4495
27,68,64.1419
27,69,84.3564
27,71,20.579
27,72,53.3668
27,73,76.2672
27,75,30.1552
27,77,64.4076
27,78,83.9111
27,79,18.5875
27,80,73.1381
27,81,24.1051
27,82,45.548
27,83,33.4066
27,85,53.8355
27,86,74.9137
27,88,74.5167
27,89,12.5801
27,90,15.2886
27,92,18.7193
27,93,7.7593
27,94,27.6516
27,95,38.6948
27,96,44.9887
27,97,44.4313
27,98,68.2392
27,99,61.6546
27,101,16.3202
27,102,59.7993
27,103,31.9258
27,104,23.8305
27,106,21.7478
27,107,40.4764
27,108,17.9403
27,109,68.2997
27,110,51.4891
27,111,2.4797
27,113,61.9654
27,114,76.7513
27,115,83.1445
27,117,38.1028
27,118,32.5855
27,120,28.7843
27,121,65.6967
27,122,55.3041
27,123,27.4556
27,124,17.4798
27,125,9.4977
27,126,63.5566
27,127,52.8605
27,128,19.8516
27,129,78.809
28,29,49.1687
28,30,34.816
28,31,77.3639
28,32,78.9388
28,33,43.9198
28,35,41.5844
28,36,3.9603
28,37,34.0126
28,39,55.1018
28,40,11.4618
28,41,73.2524
28,42,70.4115
28,44,7.1626
28,45,37.586
28,46,32.661
28,47,57.5621
28,48,48.8607
28,50,82.3999
28,51,6.5177
28,54,36.8649
28,55,18.4255
28,57,69.6
28,58,71.8458
28,59,19.2564
28,60,22.7451
28,62,80.2008
28,63,11.6069
28,65,63.5008
28,66,24.8351
28,67,40.7742
28,68,44.2369
28,71,65.848
28,72,68.008
28,73,45.8839
28,74,2.3298
28,75,19.7035
28,76,79.489
28,77,40.9754
28,78,18.1197
28,79,22.5928
28,80,28.0743
28,81,31.7784
28,82,12.5954
28,83,7.3768
28,85,78.9405
28,86,41.0788
28,89,20.208
28,90,84.8928
28,91,9.3591
28,92,16.6431
28,94,80.1858
28,95,17.559
28,96,41.5702
28,97,20.2542
28,98,32.5301
28,99,47.504
28,100,46.5366
28,101,85.3705
28,103,77.5078
28,104,34.1024
28,105,22.2444
28,106,82.3659
28,108,39.6669
28,109,40.2248
28,110,24.7329
28,111,31.9098
28,112,63.842
28,113,64.9555
28,115,79.273
28,116,31.4209
28,117,48.8504
28,119,53.1239
28,120,53.593
28,122,9.519
28,123,62.8206
28,124,44.5041
28,126,66.8088
28,127,42.0311
28,128,69.4708
28,129,73.3788
29,33,2.0955
29,35,22.668
29,36,74.0351
29,39,51.1409
29,46,44.65
29,47,52.4355
29,51,4.7476
29,54,77.2608
29,55,11.4855
29,59,56.5224
29,65,28.0832
29,68,21.3216
29,73,30.8176
29,78,82.1637
29,80,43.3829
29,83,55.8934
29,84,21.5807
29,90,27.6539
29,99,64.0928
29,102,44.5975
29,103,60.8133
29,107,15.5429
29,108,48.6329
29,110,27.9187
29,117,62.0744
29,121,21.8344
29,127,74.3349
30,67,60.0808
31,32,82.7715
31,33,35.028
31,35,42.3854
31,39,35.6008
31,40,28.9149
31,41,31.9905
31,44,53.624
31,47,28.4243
31,48,14.3768
31,49,33.2789
31,50,74.9709
31,52,13.2844
31,55,71.2006
31,58,71.4176
31,60,52.5607
31,67,4.0453
31,69,43.7377
31,70,61.2086
31,72,85.0645
31,74,84.7961
31,75,63.007
31,76,76.8947
31,77,60.939
31,79,13.2698
31,81,32.9745
31,82,57.6501
31,85,8.9561
31,86,51.8047
31,87,17.2349
31,88,23.9037
31,90,49.2061
31,91,59.1017
31,93,75.7505
31,95,61.684
31,97,24.0158
31,100,3.6693
31,101,80.3152
31,103,18.425
31,105,5.1709
31,106,41.5481
31,107,50.6603
31,108,24.8336
31,110,10.5605
31,112,50.6514
31,113,23.9137
31,114,35.9566
31,115,42.1656
31,116,84.6892
31,117,8.0128
31,118,17.5249
31,119,9.021
31,121,48.2082
31,122,80.7394
31,125,48.2525
31,129,12.2523
32,37,73.5649
32,39,12.3238
32,48,75.0279
32,54,79.8119
32,57,76.7806
32,65,22.5471
32,66,46.9919
32,67,83.5771
32,70,67.6838
32,72,1.5432
32,75,61.6336
32,76,25.0468
32,79,35.0308
32,80,29.5325
32,82,5.3389
32,83,39.4188
32,85,42.7366
32,86,35.349
32,88,32.9346
32,90,64.1759
32,92,58.3773
32,93,43.1543
32,94,41.0949
32,97,56.8467
32,98,37.1172
32,99,47.9851
32,102,81.7072
32,110,21.7593
32,111,3.0731
32,116,63.5048
32,117,16.9301
32,118,53.9571
32,119,74.6091
32,121,73.04
32,127,77.9403
32,128,84.1629
32,129,26.1004
33,38,64.1689
33,39,27.6739
33,43,23.3594
33,71,17.2453
33,83,54.7791
33,84,65.0449
33,85,19.5756
33,86,52.2257
33,87,75.54
33,106,30.1917
33,115,55.5659
33,122,22.9592
33,123,62.1557
33,127,62.1681
34,35,39.4105
34,43,28.1492
34,44,53.6315
34,45,8.6513
34,46,20.6468
34,48,39.9467
34,49,36.768
34,50,64.589
34,59,20.8548
34,64,24.0051
34,67,85.2671
34,71,63.7197
34,74,15.2703
34,76,42.9913
34,78,26.3543
34,80,63.0024
34,81,6.3972
34,82,40.005
34,86,14.8428
34,89,83.9711
34,91,52.4275
34,92,10.0081
34,93,8.0981
34,97,34.0993
34,99,68.6118
34,100,59.1011
34,104,81.8887
34,106,14.1122
34,108,2.6139
34,109,6.4796
34,111,29.8544
34,120,72.0639
34,122,67.3242
34,123,75.0131
34,126,41.7703
34,127,18.6894
34,128,49.8497
36,39,17.3139
36,53,80.4171
36,54,39.3605
36,55,59.4851
36,67,6.2419
36,68,46.6229
36,75,12.331
36,76,3.7905
36,83,74.8161
36,85,64.5155
36,100,49.8816
36,106,46.1761
36,110,64.2926
37,38,47.6852
37,44,45.3875
37,46,65.767
37,48,41.6341
37,49,85.9128
37,50,52.303
37,51,47.5162
37,52,56.4813
37,55,2.5826
37,56,58.4757
37,58,63.8964
37,60,56.866
37,61,11.7564
37,63,35.235
37,64,3.6199
37,66,85.7636
37,68,5.4182
37,69,84.3168
37,71,85.6105
37,72,18.6917
37,73,45.5402
37,74,78.9338
37,76,15.9679
37,78,55.8613
37,79,54.2316
37,80,47.0341
37,81,70.1878
37,82,68.1757
37,84,76.8514
37,85,58.5244
37,86,85.4536
37,88,10.5298
37,89,83.6552
37,90,66.3805
37,92,47.0689
37,93,30.4669
37,94,55.1549
37,96,43.6816
37,97,2.5924
37,98,47.3806
37,99,45.7275
37,100,48.9726
37,101,59.5072
37,102,16.8254
37,103,12.6461
37,104,50.3983
37,108,56.3358
37,109,20.9971
37,110,84.2432
37,111,19.1148
37,112,78.419
37,113,41.9576
37,114,50.5605
37,116,25.2281
37,117,8.2171
37,118,75.0654
37,121,15.0445
37,122,42.7379
37,124,85.6623
37,127,59.6242
37,129,29.213
38,40,78.4336
38,41,49.9037
38,42,26.2728
38,43,74.8936
38,44,1.6657
38,45,64.8156
38,46,22.8741
38,48,50.6559
38,49,26.5429
38,51,29.0737
38,52,5.493
38,53,29.1471
38,54,56.6139
38,57,19.3828
38,58,56.4261
38,60,85.8137
38,61,18.2324
38,62,56.2639
38,63,46.0774
38,64,49.7787
38,66,39.4366
38,67,29.8163
38,68,38.0544
38,69,25.6997
38,70,67.8816
38,72,76.4314
38,73,32.3438
38,74,50.9767
38,76,57.3058
38,77,72.3414
38,79,78.1824
38,80,4.4005
38,81,34.2161
38,82,43.6997
38,83,69.4686
38,84,16.4338
38,85,47.8999
38,86,51.102
38,87,63.8857
38,88,5.2249
38,89,60.6744
38,90,62.3681
38,92,19.6335
38,93,13.8302
38,94,82.0323
38,95,40.7942
38,96,7.3647
38,97,9.5639
38,98,57.8481
38,99,40.3454
38,100,44.8894
38,101,34.5818
38,104,16.3564
38,105,37.2897
38,106,55.2354
38,108,25.6391
38,110,18.8119
38,111,3.0787
38,112,56.2135
38,113,37.6285
38,114,15.6368
38,116,62.8668
38,117,50.4975
38,119,46.5324
38,121,16.8896
38,122,21.2647
38,123,58.5611
38,124,51.8662
38,125,50.0549
38,126,61.7006
38,127,10.4542
38,128,43.1432
38,129,21.6053
40,61,5.9595
40,72,85.1554
40,79,71.4783
40,119,17.8173
40,127,55.2579
41,49,43.6607
41,50,27.4293
41,51,49.7841
41,55,55.5568
41,57,83.9917
41,59,59.1508
41,61,30.4297
41,71,74.4373
41,72,58.4512
41,73,1.3632
41,75,14.4191
41,76,58.5904
41,79,39.5388
41,81,76.3988
41,82,43.2523
41,84,70.8297
41,86,15.7529
41,87,82.4093
41,88,31.8696
41,93,49.2521
41,95,14.9725
41,96,20.7121
41,102,33.0017
41,107,74.5721
41,111,36.0868
41,112,62.2334
41,113,71.2909
41,117,34.1539
41,119,72.9335
41,129,43.1071
42,43,82.6638
42,44,46.0145
42,45,36.1262
42,46,64.024
42,47,58.6936
42,48,11.526
42,49,25.7449
42,50,72.5244
42,51,29.8314
42,52,80.6908
42,53,53.7812
42,54,58.799
42,55,66.3403
42,56,70.4754
42,57,44.4754
42,58,25.7468
42,59,33.8399
42,60,82.7473
42,61,31.629
42,62,71.8847
42,63,70.8696
42,64,78.8999
42,65,7.5464
42,66,27.0701
42,67,27.8308
42,68,40.3703
42,69,30.3771
42,70,29.6797
42,71,56.687
42,72,27.4167
42,73,59.4001
42,74,52.2408
42,75,65.1079
42,76,19.7861
42,77,36.8569
42,78,5.4624
42,79,69.5231
42,80,70.8759
42,81,30.6201
42,82,64.4198
42,83,39.9287
42,84,37.8491
42,85,57.8718
42,86,65.8482
42,87,83.9112
42,88,31.9662
42,89,13.2197
42,90,44.5232
42,91,63.9467
42,92,27.0067
42,93,35.474
42,94,2.5991
42,95,65.5191
42,96,79.4138
42,97,49.4482
42,98,50.8527
42,99,6.8696
42,100,37.4871
42,101,34.9122
42,102,28.1008
42,103,56.3978
42,104,66.0492
42,105,7.1129
42,106,50.1177
42,107,77.6655
42,108,4.4679
42,109,8.6181
42,110,78.8556
42,111,26.2186
42,112,4.9459
42,113,21.9601
42,114,17.5635
42,115,19.4528
42,116,3.7003
42,117,22.8093
42,118,12.6794
42,119,28.6252
42,120,31.8585
42,121,8.6485
42,122,13.4016
42,123,69.4176
42,124,26.4882
42,125,15.5659
42,126,23.7556
42,127,18.7494
42,128,53.7398
42,129,22.0212
43,46,9.171
43,50,20.3114
43,52,74.1797
43,53,78.8291
43,55,46.6838
43,57,53.912
43,60,2.4237
43,62,60.9631
43,73,5.186
43,74,83.7599
43,77,45.2053
43,81,15.4511
43,85,69.1967
43,86,1.7956
43,91,24.5534
43,93,46.4512
43,94,69.0373
43,96,14.4171
43,97,9.9961
43,98,60.6462
43,102,5.2038
43,104,54.0956
43,109,82.7726
43,114,81.1345
43,116,36.2321
43,118,38.0137
43,125,15.5094
43,126,6.4856
43,127,22.5885
43,128,57.4523
43,129,19.9677
44,45,54.8175
44,46,51.7326
44,47,20.2528
44,49,20.6594
44,51,21.3424
44,53,52.085
44,54,41.2924
44,55,12.4145
44,56,40.8318
44,58,75.4777
44,59,52.7492
44,60,56.3677
44,61,18.2585
44,63,48.7416
44,65,3.4004
44,66,14.5991
44,67,29.3392
44,68,71.3658
44,69,28.6746
44,72,83.696
44,73,50.4768
44,74,80.461
44,76,14.0339
44,78,55.6829
44,79,4.8006
44,80,79.6411
44,81,67.7419
44,82,36.0624
44,83,54.1872
44,85,20.6025
44,86,20.612
44,87,33.1903
44,88,33.9549
44,89,10.5332
44,90,58.4388
44,91,7.143
44,93,16.5291
44,94,71.0951
44,95,27.0571
44,96,78.7761
44,97,85.1245
44,98,29.0814
44,99,11.311
44,104,53.3466
44,106,59.5547
44,107,47.1601
44,109,32.5727
44,110,13.8696
44,111,17.368
44,112,52.1487
44,113,72.2126
44,115,2.3853
44,116,34.2432
44,117,60.9589
44,118,50.2166
44,119,18.4253
44,121,19.8954
44,122,53.4061
44,123,52.5308
44,124,31.2532
44,126,33.7868
44,127,1.1626
44,128,55.2649
44,129,11.7007
45,46,30.0657
45,49,69.3192
45,67,82.462
45,71,44.3031
45,75,39.9856
45,79,62.1078
45,83,20.6084
45,85,62.8023
45,90,40.1351
45,94,14.8679
45,96,15.0548
45,106,21.4601
45,107,34.4109
45,116,39.1319
45,119,72.7862
45,120,10.0327
45,121,40.1559
45,122,27.7259
45,128,51.7377
47,51,6.329
47,54,65.188
47,55,78.8166
47,56,48.1843
47,57,19.499
47,59,55.6321
47,60,52.1797
47,61,41.292
47,62,74.9209
47,63,43.7852
47,64,38.0761
47,67,5.4167
47,76,25.861
47,77,39.1643
47,81,81.6144
47,83,67.6878
47,86,47.6771
47,87,45.122
47,91,45.2602
47,93,81.6426
47,94,8.9411
47,95,17.2013
47,96,17.3053
47,108,11.8248
47,110,77.672
47,113,21.7912
47,115,26.2538
47,117,1.4373
47,118,72.3206
47,120,34.4912
47,121,38.0254
47,127,61.595
47,128,46.1464
47,129,10.4457
48,53,63.6434
48,67,56.8101
48,70,23.3985
48,71,53.1098
48,74,10.716
48,76,37.9424
48,81,79.7122
48,84,74.811
48,85,72.1048
48,87,78.4146
48,95,24.082
48,105,53.3395
48,120,20.4275
48,122,32.0494
48,124,80.3246
48,128,30.038
50,53,56.8986
50,54,31.732
50,55,39.0642
50,57,61.801
50,59,51.334
50,63,59.3878
50,64,7.5434
50,66,68.7327
50,69,76.2235
50,73,61.331
50,74,17.4433
50,78,58.4864
50,91,58.0297
50,92,36.0541
50,101,78.8385
50,102,76.9696
50,105,17.4465
50,106,71.1052
50,111,64.8762
50,115,13.0057
50,117,16.3997
50,118,57.4576
50,121,46.6645
51,52,41.6746
51,54,68.5862
51,56,52.7272
51,57,10.4872
51,58,50.5048
51,59,26.807
51,60,16.7246
51,61,40.8282
51,63,10.2637
51,66,50.1501
51,67,34.5232
51,69,15.1505
51,71,53.856
51,72,69.8284
51,73,26.3923
51,74,48.7062
51,75,42.0086
51,76,51.4738
51,77,41.3458
51,78,76.6205
51,80,41.8108
51,81,54.6542
51,83,29.5171
51,84,16.6461
51,85,19.6563
51,86,42.6088
51,88,19.2437
51,90,67.3231
51,91,37.7956
51,92,77.7148
51,93,29.5638
51,94,60.2925
51,95,62.2974
51,97,48.3682
51,98,46.6873
51,100,23.8849
51,104,27.9858
51,105,33.2389
51,106,29.0505
51,109,45.3996
51,110,50.5961
51,111,57.6382
51,112,44.6092
51,113,32.0822
51,114,46.0728
51,115,55.5675
51,116,74.0183
51,117,45.5725
51,118,47.4945
51,119,68.3765
51,120,4.5506
51,121,27.5266
51,122,78.7505
51,123,8.7703
51,125,42.1089
51,127,10.3817
51,128,56.2254
51,129,12.9973
52,77,44.1841
52,119,77.431
52,127,75.5756
53,55,68.4473
53,56,50.9539
53,57,44.5904
53,59,48.7418
53,60,25.8019
53,61,58.5506
53,62,23.1465
53,63,52.0208
53,64,71.3748
53,67,33.3316
53,68,23.5285
53,69,64.765
53,72,66.5094
53,73,74.3436
53,76,48.319
53,79,22.6792
53,82,45.2294
53,83,30.6087
53,87,46.4248
53,88,49.1643
53,89,18.6383
53,91,72.0558
53,92,35.2157
53,93,83.616
53,94,17.6524
53,95,71.6042
53,96,22.4766
53,97,62.0792
53,98,3.8019
53,100,85.8571
53,101,71.232
53,102,51.1411
53,103,50.7007
53,105,41.4385
53,107,44.4496
53,109,40.9268
53,110,34.3708
53,111,47.7176
53,112,6.0752
53,113,60.4104
53,114,4.3885
53,115,18.9161
53,116,36.7461
53,117,47.8465
53,118,67.9182
53,119,42.7609
53,120,67.3162
53,121,53.4851
53,124,65.3242
55,56,24.73
55,58,8.9694
55,61,24.4643
55,62,24.7793
55,63,25.9897
55,65,76.048
55,66,21.5117
55,71,84.0153
55,74,33.9952
55,75,84.5891
55,77,26.6429
55,79,42.4607
55,80,16.045
55,82,36.2213
55,84,77.7737
55,86,5.8208
55,87,80.1971
55,91,34.5991
55,93,24.9798
55,96,43.4145
55,99,28.1792
55,101,16.8452
55,102,23.9539
55,104,46.0187
55,105,34.6507
55,106,11.9608
55,107,83.7074
55,108,35.379
55,109,29.5782
55,110,58.6173
55,111,54.6701
55,113,69.219
55,114,50.8857
55,115,52.4356
55,116,72.322
55,117,31.3698
55,119,74.1507
55,121,32.957
55,122,23.6014
55,125,18.4112
55,126,63.1592
55,127,12.9701
55,128,14.2926
56,62,3.9266
56,73,1.068
56,79,78.0298
56,90,44.1954
56,95,14.5428
56,104,52.5821
56,111,24.029
56,118,44.5063
57,59,28.9947
57,61,54.6905
57,62,25.531
57,65,49.1565
57,66,18.1335
57,69,3.3446
57,71,47.2771
57,73,12.957
57,76,17.0712
57,77,2.955
57,78,65.9437
57,79,75.254
57,81,40.188
57,82,60.7761
57,83,39.7695
57,84,44.3856
57,85,53.8633
57,86,32.5148
57,87,46.6393
57,90,22.941
57,93,57.3288
57,94,23.9836
57,95,29.5989
57,96,73.2731
57,97,39.206
57,98,29.2263
57,99,38.4944
57,101,10.7275
57,102,20.996
57,103,49.3464
57,104,78.075
57,111,5.113
57,115,48.8168
57,120,15.7011
57,121,76.9485
57,122,30.2537
57,128,23.4562
59,60,46.8036
59,63,14.6566
59,64,34.3046
59,66,81.7112
59,70,50.5127
59,72,11.5614
59,73,25.8098
59,75,64.73
59,78,1.2442
59,79,27.005
59,82,12.4539
59,83,76.9295
59,84,55.6137
59,87,11.8828
59,88,57.8036
59,90,49.9606
59,91,77.7922
59,92,70.9839
59,93,10.8827
59,95,81.0945
59,97,77.2336
59,102,17.3428
59,104,77.6632
59,106,17.4031
59,108,76.1952
59,109,35.8216
59,112,74.3885
59,113,79.0034
59,114,5.6026
59,116,3.2676
59,117,9.8995
59,118,11.7685
59,119,17.9787
59,120,46.1396
59,121,32.7186
59,124,43.5957
59,125,40.1502
59,126,84.5547
59,127,41.7642
59,128,70.153
60,61,37.591
60,67,29.7605
60,75,59.943
60,78,60.2934
60,79,64.4862
60,80,2.7114
60,82,74.7008
60,85,66.3929
60,87,18.1335
60,92,78.4494
60,97,54.7053
60,104,12.6505
60,105,46.4065
60,107,82.5065
60,109,81.742
60,110,25.0142
60,111,55.4037
60,115,52.8437
60,118,27.2355
60,121,32.0578
60,127,19.0414
61,62,51.792
61,63,37.1802
61,64,47.8634
61,65,11.2667
61,66,53.3466
61,67,45.3931
61,69,37.6953
61,70,59.6484
61,71,8.1339
61,72,79.0626
61,73,81.9858
61,74,42.6709
61,75,44.9619
61,76,48.3441
61,77,59.5481
61,78,11.691
61,79,13.6169
61,82,55.2645
61,83,18.2533
61,84,65.6022
61,85,34.0531
61,86,59.5127
61,87,31.8031
61,88,79.6141
61,89,66.7749
61,90,82.3342
61,91,56.2945
61,92,58.3264
61,93,14.0591
61,94,45.7346
61,95,31.9641
61,96,20.7856
61,97,14.4396
61,98,56.2359
61,99,75.7266
61,100,68.8091
61,101,60.2445
61,102,38.1421
61,103,75.903
61,104,31.2994
61,105,20.6577
61,106,18.6389
61,107,72.6785
61,108,20.6781
61,109,51.308
61,110,55.0756
61,111,57.703
61,112,10.382
61,113,2.0194
61,114,55.4476
61,115,81.8092
61,116,11.6589
61,117,26.3454
61,118,65.8179
61,119,82.4324
61,120,15.2309
61,121,43.0354
61,123,16.7814
61,124,5.5953
61,125,83.8974
61,126,50.3261
61,127,56.1489
61,128,79.3464
61,129,30.5384
62,63,64.6272
62,67,49.1035
62,69,64.4475
62,70,48.7372
62,71,8.0045
62,73,27.9455
62,74,62.0074
62,75,25.4834
62,80,71.7195
62,81,45.5378
62,82,60.7157
62,83,14.3323
62,85,11.2559
62,86,77.2886
62,87,14.2244
62,88,2.4864
62,89,34.5765
62,90,71.3906
62,91,34.4307
62,93,49.3011
62,94,54.5276
62,95,79.103
62,96,12.6867
62,100,52.5269
62,101,61.4075
62,103,27.5706
62,104,8.3012
62,105,14.0426
62,107,43.1547
62,110,61.0637
62,112,43.5429
62,113,65.2542
62,115,50.1365
62,117,59.466
62,118,82.798
62,119,21.3727
62,120,81.248
62,121,16.9264
62,128,74.6106
62,129,24.8518
63,64,20.6201
63,66,64.5792
63,68,59.3712
63,70,80.9296
63,71,10.9736
63,72,44.3193
63,73,31.5078
63,74,54.7479
63,75,69.156
63,78,44.7288
63,81,46.9324
63,82,52.134
63,83,16.7256
63,84,48.7139
63,86,45.0423
63,87,54.3893
63,88,77.9474
63,89,19.9901
63,91,28.0259
63,92,17.1549
63,96,13.3468
63,99,28.3865
63,106,43.035
63,108,66.6037
63,112,62.9941
63,113,46.7842
63,114,60.2092
63,117,74.1981
63,118,8.5587
63,120,84.0158
63,121,12.8611
63,128,72.5959
63,129,15.5205
64,68,64.4242
64,70,8.158
64,73,17.0096
64,87,32.5579
64,90,20.8587
64,101,78.4385
64,102,84.7168
64,103,55.4428
64,104,2.5426
64,105,57.2614
64,117,64.0226
64,119,28.1776
64,121,77.0907
64,126,64.3879
64,128,83.5179
65,66,69.4885
65,67,23.8573
65,68,48.5168
65,69,14.2604
65,70,32.1009
65,71,21.7576
65,72,29.8026
65,73,60.2806
65,74,10.5991
65,75,67.3234
65,76,78.8411
65,77,70.7261
65,78,5.9833
65,79,57.2191
65,80,70.4807
65,81,20.1536
65,82,54.2124
65,83,40.9248
65,84,21.4337
65,85,25.319
65,86,73.7082
65,87,67.3357
65,88,76.4843
65,89,20.4208
65,90,17.2917
65,91,44.9846
65,92,76.7309
65,93,73.4948
65,94,51.3393
65,95,47.4797
65,96,47.528
65,97,70.2502
65,98,76.9508
65,99,35.9724
65,100,29.415
65,101,33.5329
65,102,43.2355
65,103,29.9202
65,104,1.4908
65,105,11.3243
65,106,15.0604
65,107,36.3805
65,108,81.7377
65,109,40.8119
65,110,57.0768
65,111,74.1937
65,112,14.0529
65,113,46.4606
65,114,68.9261
65,115,14.937
65,116,6.1407
65,117,17.6995
65,118,19.5056
65,119,50.2075
65,120,76.6412
65,121,40.5987
65,122,68.2511
65,123,59.7884
65,124,40.583
65,125,12.4324
65,126,37.9223
65,127,38.6898
65,128,1.6289
65,129,39.3618
66,69,36.7014
66,70,75.8102
66,71,30.2106
66,72,31.4572
66,73,83.6849
66,75,12.4865
66,76,59.1388
66,77,18.0599
66,82,14.9972
66,83,20.4375
66,84,29.5641
66,85,29.9301
66,88,18.8092
66,89,57.3021
66,91,22.909
66,93,28.5979
66,94,40.8034
66,96,51.5182
66,99,59.0721
66,100,72.6394
66,101,16.6321
66,102,62.1857
66,103,69.8518
66,104,13.7694
66,105,82.9084
66,107,28.8454
66,110,85.8994
66,111,51.7181
66,112,2.4236
66,113,39.2492
66,114,28.4802
66,117,78.3962
66,119,25.2002
66,122,71.9559
66,124,10.098
66,125,22.005
66,127,41.26
66,129,74.1492
67,70,23.145
67,71,66.6287
67,75,33.2973
67,83,65.9485
67,84,17.912
67,89,43.0544
67,91,61.7456
67,97,49.3743
67,106,36.9444
67,118,48.1382
67,119,18.0755
67,128,30.5214
68,111,4.078
68,117,36.2884
68,119,36.5234
70,71,78.0272
70,72,73.002
70,73,55.2414
70,74,67.0461
70,75,55.3627
70,76,65.7998
70,77,67.6646
70,78,5.0703
70,79,22.3804
70,80,40.6623
70,81,49.1216
70,82,75.6605
70,83,22.5904
70,84,30.4421
70,85,30.7391
70,86,2.6457
70,87,71.3162
70,88,68.7072
70,89,47.6785
70,90,8.5039
70,91,9.9452
70,92,59.0655
70,93,50.4614
70,94,58.5629
70,95,1.9434
70,96,45.0955
70,97,7.2868
70,98,75.9258
70,99,72.5017
70,100,32.4943
70,102,63.8023
70,103,21.607
70,104,26.4357
70,105,81.5317
70,106,72.3964
70,107,4.3315
70,108,16.7825
70,109,57.3438
70,110,35.6331
70,111,12.2812
70,112,16.2436
70,113,21.4955
70,114,72.1406
70,115,55.3083
70,116,61.0028
70,117,79.6518
70,118,51.9698
70,119,21.3823
70,120,37.3475
70,121,20.7487
70,122,5.7664
70,123,51.4085
70,124,11.2754
70,125,72.7895
70,126,48.9125
70,127,13.1653
70,128,49.0714
70,129,40.2534
71,72,67.1373
71,73,45.4592
71,74,62.6623
71,75,52.8886
71,76,72.1778
71,77,46.917
71,78,70.8616
71,79,71.2614
71,80,18.5628
71,81,8.2198
71,82,84.6777
71,83,49.7605
71,84,66.22
71,85,3.4859
71,86,69.0056
71,87,36.1542
71,88,10.2481
71,89,49.3174
71,90,33.5407
71,91,83.0703
71,92,85.5129
71,93,60.0187
71,94,6.852
71,95,36.8668
71,96,40.4288
71,97,45.7127
71,98,17.9364
71,99,66.3754
71,100,8.3398
71,101,27.4185
71,102,56.2694
71,103,6.6103
71,104,42.7765
71,105,24.0069
71,106,50.5177
71,107,40.5131
71,108,32.5416
71,109,33.8244
71,110,70.1636
71,111,76.0899
71,112,8.2543
71,113,53.0691
71,114,32.9793
71,115,68.9324
71,116,76.9923
71,117,20.1435
71,118,45.0774
71,119,33.4768
71,120,32.6981
71,121,21.5883
71,122,40.3886
71,123,8.9178
71,124,10.9563
71,125,26.879
71,126,21.9691
71,127,40.6681
71,128,26.2502
71,129,38.7603
72,73,12.7984
72,74,75.1356
72,75,32.3725
72,76,24.055
72,77,24.9985
72,78,78.2527
72,79,71.4124
72,80,64.5011
72,81,73.8487
72,82,81.088
72,83,78.7973
72,84,33.0906
72,85,17.278
72,86,36.7486
72,87,58.3852
72,88,16.0003
72,89,64.553
72,90,82.1711
72,91,5.584
72,92,50.5041
72,93,52.1332
72,94,25.2644
72,95,45.4444
72,96,15.4747
72,97,59.4272
72,98,82.9746
72,99,49.362
72,100,48.2732
72,101,49.5146
72,102,33.4797
72,103,8.691
72,104,1.5075
72,105,9.9866
72,106,44.6194
72,107,61.4103
72,108,57.184
72,109,18.6301
72,110,18.4325
72,111,28.1373
72,112,33.8849
72,113,20.1562
72,114,33.7744
72,115,54.9921
72,116,47.1358
72,117,80.5199
72,118,8.1957
72,119,73.5809
72,120,44.0987
72,121,80.2786
72,122,12.1878
72,123,65.5479
72,124,68.3069
72,125,72.9144
72,126,40.0203
72,127,63.7172
72,128,16.7088
72,129,47.6082
73,89,46.2231
73,91,48.1031
73,97,41.987
73,105,76.2055
73,127,6.0666
75,76,58.9091
75,78,9.3611
75,80,55.1508
75,81,41.6707
75,83,76.1146
75,85,23.4104
75,87,48.7406
75,91,59.0232
75,93,38.2816
75,95,17.9996
75,97,30.9166
75,98,47.4407
75,99,62.7944
75,100,56.6332
75,101,5.6762
75,102,5.8121
75,104,83.6738
75,106,31.0228
75,107,33.0639
75,109,82.7854
75,110,82.7381
75,111,29.5213
75,112,45.3455
75,117,29.371
75,118,74.7721
75,119,71.3795
75,120,80.6032
75,126,75.7557
75,129,41.2643
77,80,3.1003
77,105,52.8611
77,108,23.6937
77,109,7.4548
77,127,74.6156
77,128,32.0103
78,80,17.0561
78,81,9.7657
78,83,10.9686
78,84,80.3685
78,85,51.2694
78,86,7.2435
78,87,82.2514
78,88,69.3218
78,89,66.0881
78,90,39.8781
78,92,50.7121
78,93,6.9582
78,94,4.934
78,96,43.8038
78,97,82.6809
78,98,10.465
78,99,20.2201
78,100,13.7976
78,101,60.8058
78,102,8.1731
78,103,46.3818
78,104,51.8381
78,106,35.7367
78,109,27.904
78,111,41.0718
78,112,53.0902
78,113,79.7957
78,114,6.5658
78,115,45.353
78,116,33.4134
78,117,75.2662
78,118,51.7352
78,119,70.9563
78,121,63.6355
78,124,44.5727
78,125,59.6673
78,126,48.6207
78,128,59.9917
79,80,72.326
79,81,45.6827
79,82,83.5273
79,83,20.7454
79,85,52.25
79,86,16.379
79,87,37.2787
79,88,16.2836
79,89,73.2641
79,90,7.2325
79,91,26.4666
79,93,77.1434
79,94,33.7806
79,95,53.8004
79,96,41.4876
79,97,80.8401
79,98,36.0514
79,99,18.194
79,100,26.2213
79,101,63.0127
79,102,26.3675
79,104,72.5189
79,105,45.6001
79,106,25.7646
79,107,19.714
79,108,43.4586
79,110,85.2932
79,111,24.652
79,112,77.2988
79,113,58.7169
79,114,15.8832
79,115,65.2327
79,116,71.1796
79,118,57.7545
79,119,17.9301
79,121,15.7557
79,122,64.5045
79,123,57.0922
79,124,31.7627
79,126,18.944
79,128,40.6043
79,129,38.1541
80,81,80.7346
80,82,72.2526
80,83,55.8242
80,84,48.61
80,85,35.8456
80,87,30.1282
80,88,1.6298
80,89,81.9244
80,90,44.0562
80,91,13.1614
80,92,75.663
80,93,34.2788
80,94,38.1358
80,95,19.1757
80,96,71.0607
80,97,55.9877
80,98,11.3741
80,99,37.397
80,100,40.4914
80,101,51.4745
80,102,77.0628
80,103,85.7409
80,104,3.1748
80,105,35.3143
80,106,11.8754
80,107,37.2296
80,108,38.4626
80,109,57.9026
80,110,20.9615
80,111,39.4089
80,112,43.9988
80,113,59.1723
80,114,44.3735
80,115,36.9037
80,116,75.4621
80,117,28.4403
80,118,32.1945
80,119,72.5366
80,120,75.1399
80,121,4.6169
80,122,45.5933
80,123,36.4218
80,124,47.1622
80,125,52.8514
80,126,79.5593
80,127,44.9907
80,128,43.0835
80,129,25.3648
81,82,5.5272
81,83,39.5903
81,86,35.8251
81,87,34.0813
81,91,45.9194
81,94,63.5636
81,95,80.0156
81,97,8.228
81,99,11.8991
81,101,84.2155
81,102,79.4815
81,103,56.8813
81,108,38.7673
81,109,76.5128
81,110,15.1464
81,112,85.4108
81,114,4.8656
81,115,1.0947
81,116,14.1011
81,118,47.4687
81,119,33.9164
81,121,18.0013
81,127,60.933
81,129,27.2545
82,83,58.8964
82,84,12.5725
82,85,34.1622
82,86,18.3652
82,87,8.962
82,88,25.7975
82,89,8.7515
82,90,20.7635
82,91,27.4274
82,92,84.1664
82,93,85.7142
82,94,17.7208
82,95,80.0398
82,96,10.2768
82,97,11.1859
82,98,39.5205
82,99,63.67
82,100,37.3454
82,101,2.6433
82,102,55.8048
82,103,83.7138
82,104,25.1255
82,105,57.499
82,106,57.3281
82,107,77.2786
82,108,50.6614
82,109,72.9947
82,110,20.9542
82,111,21.4363
82,112,18.9773
82,113,4.159
82,114,40.442
82,115,52.4068
82,116,49.1408
82,117,51.9111
82,118,18.4383
82,119,82.6295
82,120,85.4322
82,121,45.6669
82,122,69.2663
82,123,19.7341
82,124,32.4305
82,125,79.0484
82,126,38.4439
82,127,61.958
82,128,7.1133
82,129,23.1556
85,86,47.5506
85,87,7.8046
85,88,6.6362
85,89,67.1968
85,90,24.8474
85,91,17.295
85,92,27.5671
85,93,22.6803
85,94,49.0146
85,95,48.9572
85,96,17.5392
85,97,81.4064
85,98,84.7522
85,99,26.6125
85,100,5.087
85,101,21.3882
85,102,56.3041
85,103,62.5817
85,104,58.3581
85,105,82.5006
85,106,22.6444
85,107,83.8675
85,108,3.6091
85,109,21.2851
85,110,1.4672
85,111,22.9753
85,112,25.3258
85,113,11.2159
85,114,47.3135
85,115,60.0997
85,116,70.6442
85,117,52.298
85,118,59.9806
85,119,6.9625
85,120,10.9676
85,121,7.0404
85,122,28.473
85,123,6.0688
85,124,57.9099
85,125,22.8637
85,126,44.6158
85,127,32.4973
85,128,54.0437
85,129,12.0566
86,87,60.698
86,88,23.1623
86,89,9.9283
86,90,7.5589
86,91,79.3247
86,92,69.7229
86,93,79.9738
86,94,51.8347
86,95,45.7083
86,96,46.6897
86,97,52.1731
86,98,53.2839
86,99,19.3192
86,100,7.0357
86,101,62.4043
86,102,46.923
86,103,49.5934
86,104,72.5479
86,105,44.7476
86,106,20.2982
86,107,2.6688
86,108,49.3453
86,109,81.4078
86,110,60.9811
86,111,15.465
86,112,46.1142
86,113,67.8766
86,114,14.0568
86,115,78.1676
86,116,21.9058
86,117,16.0824
86,118,57.2699
86,119,11.606
86,120,18.0163
86,121,15.7588
86,122,40.5727
86,123,19.4432
86,124,52.2876
86,125,50.8505
86,126,60.9923
86,127,1.5912
86,128,37.9086
86,129,35.14
87,88,38.8412
87,89,83.2895
87,90,20.3569
87,93,17.9925
87,95,7.8513
87,100,31.0494
87,101,66.802
87,102,9.3955
87,103,57.2311
87,104,73.6899
87,105,62.745
87,106,80.7706
87,107,56.5627
87,108,60.3723
87,110,25.4444
87,112,44.094
87,116,72.4388
87,117,82.551
87,118,72.9488
87,119,40.7559
87,120,80.0782
87,121,45.2747
87,122,80.0074
87,125,83.8799
87,126,14.7376
87,127,66.4489
87,128,11.447
87,129,27.0733
88,93,32.1538
88,94,74.4525
88,98,59.2234
88,101,75.2335
88,105,41.7558
88,107,72.061
88,108,84.7619
88,110,60.282
88,111,4.8207
88,113,77.7474
88,117,65.1768
88,118,56.9427
88,119,17.9552
88,120,20.5273
88,121,51.7616
88,122,28.1782
88,124,76.8672
88,127,44.9836
88,128,49.0039
88,129,30.3214
90,91,6.2115
90,92,6.2262
90,93,51.5622
90,94,25.6147
90,95,72.0597
90,96,12.8603
90,97,22.5996
90,98,5.4753
90,99,30.4286
90,100,56.8862
90,101,82.8959
90,102,8.135
90,103,49.5288
90,104,27.9068
90,105,60.1743
90,106,73.3775
90,107,34.0048
90,108,58.6114
90,109,75.5955
90,110,60.1399
90,111,5.3921
90,112,32.3688
90,113,53.0349
90,114,67.3532
90,115,77.6586
90,116,66.3042
90,117,37.8866
90,118,54.1967
90,119,28.4036
90,120,33.4991
90,121,3.6145
90,122,61.7273
90,123,30.3324
90,124,26.6693
90,125,25.8513
90,126,12.3324
90,127,17.3343
90,128,14.807
90,129,13.2491
91,92,50.2248
91,93,16.6015
91,94,42.671
91,95,85.7638
91,96,3.3599
91,97,44.0468
91,98,67.0193
91,99,51.8707
91,100,61.1365
91,101,67.465
91,102,8.8388
91,103,80.5281
91,104,23.6892
91,105,35.2663
91,106,63.9222
91,107,74.4151
91,108,72.8394
91,109,16.3707
91,110,9.1642
91,111,47.0053
91,112,63.9419
91,113,25.8671
91,114,52.9731
91,115,13.8675
91,116,48.3375
91,117,76.7779
91,118,44.2866
91,119,40.5876
91,120,16.1984
91,121,41.4633
91,122,85.0533
91,123,27.1585
91,124,12.0929
91,125,81.4236
91,126,83.6302
91,127,41.1699
91,128,41.7859
91,129,33.5241
93,94,54.3541
93,99,16.6849
93,101,47.7746
93,113,34.3939
93,121,3.2842
94,96,51.6495
94,98,69.1451
94,100,47.4791
94,106,76.1093
94,107,65.1097
94,108,16.6376
94,109,41.1928
94,110,10.7288
94,116,1.7447
94,117,61.7733
94,118,8.5872
94,120,45.0667
94,122,16.126
94,123,46.9469
94,126,18.7905
94,127,11.4816
94,128,17.379
95,97,16.512
95,98,76.5562
95,99,68.6059
95,100,74.8512
95,101,44.9423
95,102,77.7463
95,106,45.1153
95,108,56.693
95,109,62.6341
95,110,62.6482
95,113,53.5213
95,114,72.0173
95,115,52.6511
95,116,67.0422
95,117,65.3113
95,118,80.2089
95,119,57.0878
95,120,32.0401
95,122,62.9076
95,124,48.6205
95,126,50.622
95,127,84.0537
95,129,77.6023
100,101,40.7913
100,102,35.921
100,103,60.2641
100,104,69.3318
100,105,3.448
100,106,33.9378
100,107,42.8037
100,108,51.1668
100,109,6.5875
100,110,47.7404
100,111,66.6207
100,112,13.1855
100,113,40.4021
100,114,24.0876
100,115,25.5355
100,116,83.0933
100,117,13.8936
100,118,28.8332
100,119,1.6766
100,120,26.8504
100,121,8.6238
100,122,32.249
100,123,70.3678
100,124,61.6343
100,125,78.7638
100,126,68.7599
100,127,41.1566
100,128,45.3323
100,129,76.302
101,102,59.9616
101,103,51.0636
101,104,81.3806
101,105,83.1203
101,106,7.4458
101,107,55.1097
101,108,25.4361
101,109,20.4529
101,110,58.1217
101,111,10.2376
101,112,29.6727
101,113,20.5865
101,114,67.384
101,115,43.1391
101,116,66.5279
101,117,77.4366
101,118,2.0452
101,119,36.266
101,120,54.7049
101,121,11.8697
101,122,77.1325
101,123,64.4129
101,124,85.4266
101,125,66.7196
101,126,76.407
101,127,82.2917
101,128,6.1175
101,129,75.4071
103,104,19.3193
103,126,15.8627
105,106,77.1945
105,107,13.8252
105,108,10.2773
105,109,36.472
105,110,59.7188
105,111,61.9716
105,112,74.2177
105,113,51.1396
105,114,9.3055
105,115,84.7287
105,116,74.6
105,117,62.8944
105,118,56.3446
105,119,75.722
105,120,61.8906
105,121,48.6204
105,122,49.8023
105,123,74.0305
105,124,42.9129
105,125,28.3411
105,126,68.9159
105,127,78.3878
105,128,24.7835
105,129,49.4665
107,108,54.233
107,109,39.2908
107,110,68.3277
107,111,9.2781
107,112,12.4698
107,113,42.5729
107,114,18.4921
107,115,82.5435
107,116,2.2074
107,117,40.0115
107,118,10.4199
107,119,44.2817
107,120,66.4274
107,121,66.7435
107,122,16.8734
107,123,49.1468
107,124,31.0041
107,125,55.3346
107,126,79.4778
107,127,49.3103
107,128,18.4357
107,129,31.321
108,109,13.2134
108,110,50.6339
108,111,1.8178
108,112,71.167
108,113,36.7182
108,114,16.1961
108,115,56.0121
108,116,5.0642
108,117,67.772
108,118,36.7173
108,119,74.5929
108,120,65.5915
108,121,1.2388
108,122,12.2375
108,123,84.0136
108,124,60.974
108,125,16.805
108,126,43.4708
108,127,39.3025
108,128,72.5016
108,129,71.3853
114,115,43.8612
114,116,12.8744
114,117,84.9767
114,118,41.6706
114,119,13.2531
114,120,31.9375
114,121,22.3407
114,122,50.3518
114,123,53.3583
114,124,57.8544
114,125,43.8103
114,126,70.5678
114,127,72.4364
114,128,4.3055
114,129,58.1825
116,117,73.963
116,118,27.2488
116,119,84.3211
116,120,77.8604
116,121,31.1625
116,122,61.0475
116,123,66.1183
116,124,44.0304
116,125,32.0382
116,126,4.2544
116,127,72.9616
116,128,43.4233
116,129,62.3717
117,118,5.469
117,119,43.8499
117,120,20.3519
117,121,71.1526
117,123,36.6678
117,124,58.6866
117,125,81.9672
117,126,84.3769
117,127,75.358
117,129,42.3781
120,121,15.7671
120,122,42.7214
120,123,51.9535
120,124,75.5347
120,125,10.2978
120,126,62.1485
120,127,55.4696
120,128,6.2508
120,129,8.04
121,123,42.6325
121,124,13.687
121,125,22.4809
121,126,32.1712
121,128,10.4763
123,124,78.508
123,125,57.2136
123,126,37.1334
123,127,67.0306
123,128,11.8797
123,129,78.3918
125,126,49.0366
125,127,40.4671
125,128,49.9602
125,129,55.4993
127,128,9.0863
127,129,79.0542
128,129,44.1966
