row,col,weight
0,3,72.1578
0,6,86.3071
0,8,64.4163
0,10,7.3071
0,11,100.6227
0,12,79.5467
0,13,52.148
0,14,98.5629
0,15,20.728
0,16,117.2376
0,17,10.7705
0,18,17.688
0,20,73.8971
0,21,68.7634
0,22,109.3156
0,25,87.9496
0,26,24.1844
0,27,41.1939
0,28,5.8901
0,31,120.9773
0,32,73.1404
0,33,70.295
0,35,10.1053
0,37,111.3916
0,38,3.5454
0,40,27.6446
0,41,86.1099
0,43,101.6828
0,44,49.2375
0,46,9.2349
0,47,97.5623
0,50,68.2867
0,51,89.0727
0,52,44.9837
0,57,88.8698
0,59,88.6111
0,62,67.6354
0,64,115.9891
0,65,2.8775
0,66,75.4127
0,67,120.9736
0,68,58.1688
0,69,43.5033
0,70,27.1848
0,73,60.1685
0,74,2.1954
0,76,95.8342
0,77,76.5527
0,78,108.7715
0,83,28.2311
0,84,71.1548
0,87,81.8805
0,89,60.0692
0,90,16.7803
0,91,128.1117
0,92,39.1672
0,93,124.903
0,95,48.137
0,97,84.817
0,98,113.3074
0,99,66.7301
0,101,85.4105
0,102,106.0325
0,103,127.1448
0,105,65.024
0,107,18.5366
0,112,32.2857
0,113,79.7948
0,114,1.6642
0,115,109.9416
0,117,26.4146
0,119,51.9534
0,121,119.7642
0,123,132.5992
0,125,14.1364
0,126,113.1661
0,127,120.6844
0,128,115.363
0,130,30.5484
0,131,89.2356
0,133,91.6867
0,134,54.429
0,135,54.7782
0,138,85.666
0,139,101.4559
0,140,1.6156
0,142,127.8886
0,143,70.7423
0,147,4.1295
0,148,1.9509
0,149,125.3387
0,150,57.3521
0,151,65.6657
0,153,133.8354
0,154,48.3117
0,155,39.8853
0,156,117.9313
0,158,93.5023
0,159,17.0779
0,160,88.9384
0,164,131.8122
0,166,79.9827
0,167,27.3152
0,168,53.5338
1,2,86.1742
1,4,75.9839
1,5,32.3229
1,6,55.9662
1,7,80.0434
1,8,50.7945
1,9,93.2003
1,10,6.2532
1,11,85.0121
1,12,72.2858
1,13,36.9189
1,17,7.9132
1,18,16.9128
1,19,17.2019
1,20,24.1704
1,22,28.4502
1,23,100.3042
1,25,123.3515
1,26,82.209
1,27,124.4536
1,29,112.9684
1,32,50.9043
1,33,50.842
1,34,91.9582
1,35,105.4049
1,36,11.7715
1,40,9.0731
1,41,130.258
1,43,72.3112
1,44,78.2651
1,45,32.5821
1,46,31.6384
1,48,68.9951
1,49,49.4787
1,50,107.6404
1,51,120.5634
1,52,63.4527
1,53,44.1278
1,54,25.5119
1,55,93.6744
1,56,45.1228
1,57,108.5894
1,58,65.7756
1,59,100.6215
1,60,46.3479
1,63,29.896
1,64,15.8773
1,65,125.3498
1,66,51.2581
1,67,67.0042
1,70,28.1994
1,71,109.6983
1,72,1.5306
1,73,84.4466
1,74,64.8076
1,76,120.6182
1,78,39.6086
1,79,39.8855
1,81,4.358
1,83,93.0886
1,85,77.9517
1,86,36.522
1,87,20.8097
1,89,117.0607
1,90,71.3293
1,91,119.7431
1,92,60.089
1,93,27.693
1,94,42.536
1,95,3.0512
1,96,24.771
1,98,9.6333
1,99,10.6969
1,101,115.8573
1,104,106.3284
1,106,133.3172
1,108,131.0226
1,109,47.2005
1,111,127.9432
1,114,128.31
1,115,108.2936
1,117,102.2385
1,118,129.4629
1,119,10.7847
1,120,56.3673
1,121,112.9649
1,123,85.1678
1,124,56.5085
1,126,14.2913
1,128,71.7753
1,129,63.6071
1,130,70.5496
1,132,63.38
1,133,58.9775
1,134,117.2649
1,135,37.6855
1,138,31.1071
1,139,50.8106
1,140,67.3045
1,141,67.8417
1,142,54.9588
1,143,50.0151
1,144,43.0628
1,146,90.7628
1,147,75.9637
1,148,119.5045
1,149,48.5522
1,151,101.4491
1,152,91.1027
1,153,37.4963
1,155,59.138
1,156,62.6845
1,157,104.3996
1,158,58.6533
1,160,75.1163
1,161,83.7769
1,162,94.7672
1,163,16.9692
1,164,13.7805
1,165,54.7625
1,168,47.3149
1,169,128.6566
2,5,129.8585
2,6,7.7139
2,7,117.1843
2,8,111.9562
2,9,64.3001
2,11,129.3476
2,12,86.9563
2,13,73.5076
2,17,33.8217
2,20,121.5121
2,23,42.3751
2,24,126.5735
2,27,75.3754
2,28,105.4893
2,29,51.7003
2,32,93.8092
2,34,104.8284
2,36,49.3646
2,37,12.9634
2,39,7.7612
2,41,98.964
2,45,96.3172
2,50,33.9168
2,52,7.3672
2,53,118.4059
2,55,17.5959
2,56,99.5175
2,57,85.0429
2,59,92.4122
2,61,121.8931
2,63,25.7738
2,66,34.9063
2,67,21.2434
2,68,130.2229
2,69,34.844
2,71,101.9492
2,78,94.8916
2,81,19.4658
2,82,1.0448
2,83,48.3794
2,85,130.8268
2,86,33.5948
2,87,47.8297
2,89,3.9718
2,93,117.9448
2,94,111.8536
2,96,60.613
2,97,13.5501
2,98,122.9105
2,99,2.368
2,100,108.2773
2,101,8.155
2,102,31.6368
2,105,8.1911
2,107,126.4687
2,109,5.5035
2,111,26.718
2,112,8.5903
2,113,32.7958
2,114,47.5302
2,116,97.7561
2,117,19.9387
2,121,41.1345
2,122,87.6993
2,128,50.927
2,129,113.0791
2,131,1.7292
2,132,4.2031
2,134,110.0931
2,136,99.3247
2,137,25.2108
2,139,30.2097
2,140,124.8706
2,141,109.2094
2,143,3.9494
2,144,14.8697
2,146,18.3272
2,147,103.2113
2,149,22.6406
2,153,122.5991
2,154,32.0721
2,155,42.3495
2,156,4.0235
2,158,94.7627
2,159,39.664
2,160,105.5654
2,161,129.623
2,163,123.6049
2,164,48.7923
2,166,125.0167
3,5,102.2989
3,13,26.0492
3,14,71.463
3,15,46.7649
3,18,74.0018
3,19,52.253
3,21,38.9714
3,37,3.594
3,42,49.0017
3,47,119.5417
3,51,78.8451
3,59,49.9319
3,63,127.2526
3,64,93.234
3,71,97.7688
3,73,63.617
3,78,54.6363
3,81,127.1729
3,93,127.6275
3,94,17.729
3,95,85.6502
3,102,124.5321
3,105,76.5222
3,110,34.2953
3,112,132.7209
3,119,3.9278
3,129,55.8128
3,140,107.1073
3,144,93.4223
3,145,28.3574
3,154,132.6673
3,156,57.3809
3,159,80.4254
3,165,112.1939
3,169,31.86
4,5,116.9979
4,16,40.69
4,20,95.7256
4,22,129.529
4,26,83.4846
4,49,130.4078
4,55,17.0084
4,69,81.018
4,87,113.0693
4,88,91.8338
4,89,122.1178
4,96,100.006
4,101,21.1537
4,102,36.2809
4,105,64.0247
4,110,123.838
4,112,104.9281
4,117,22.4269
4,125,133.631
4,127,23.554
4,129,19.5414
4,131,96.195
4,148,111.4748
4,150,93.7475
4,163,130.2104
4,168,105.3734
5,8,51.0172
5,17,102.5375
5,19,133.5792
5,23,54.7373
5,24,74.3069
5,27,96.0677
5,28,84.9332
5,29,22.8999
5,30,56.9134
5,32,64.006
5,37,61.4895
5,42,30.6278
5,48,102.5421
5,54,108.2366
5,59,40.083
5,60,99.4481
5,62,5.8277
5,66,17.3306
5,69,104.4505
5,71,79.9091
5,72,127.8319
5,75,123.2035
5,79,48.5244
5,84,16.2402
5,85,132.9723
5,89,125.7606
5,90,118.1455
5,93,76.4217
5,94,48.6556
5,99,54.4327
5,100,37.5659
5,101,53.0497
5,102,58.9601
5,111,25.066
5,118,55.168
5,119,119.795
5,120,9.3905
5,121,131.5572
5,127,37.6772
5,131,121.6437
5,132,22.1936
5,133,78.04
5,136,115.7689
5,139,3.5629
5,140,84.2218
5,141,65.4166
5,143,84.1662
5,146,131.7278
5,147,89.648
5,150,7.2081
5,152,35.2946
5,153,106.2531
5,158,4.1531
5,161,103.2095
5,162,61.8576
5,163,132.8224
6,13,93.0893
6,43,115.3915
6,44,100.9363
6,52,117.4107
6,58,64.5441
6,72,61.1156
6,79,3.3305
6,82,20.9164
6,84,75.1126
6,96,41.2634
6,103,64.9861
6,118,122.4813
6,124,88.2127
6,137,104.2833
6,154,38.334
6,158,24.8525
7,8,72.3569
7,9,33.3401
7,10,104.1135
7,13,130.2683
7,14,29.3176
7,16,127.9403
7,17,11.1772
7,19,18.7926
7,20,91.7041
7,21,124.9108
7,22,86.843
7,23,50.6272
7,24,99.9447
7,25,126.1799
7,27,97.4008
7,28,122.9004
7,30,25.6156
7,32,25.4002
7,33,85.4611
7,34,93.1487
7,35,108.9258
7,36,121.5438
7,37,32.1696
7,38,61.4091
7,41,14.465
7,42,117.7406
7,43,40.0896
7,46,27.3495
7,47,3.7376
7,48,10.1552
7,49,124.7438
7,51,113.6556
7,52,19.782
7,54,126.4439
7,55,62.6795
7,56,91.4049
7,57,27.9911
7,58,83.6217
7,60,1.5135
7,61,71.3148
7,62,17.1996
7,63,5.9453
7,64,66.7166
7,65,103.9915
7,66,28.4297
7,67,133.5525
7,70,70.8042
7,71,53.5956
7,72,47.4342
7,73,115.6229
7,74,108.4206
7,76,66.6497
7,78,36.6816
7,79,8.7754
7,80,51.3322
7,81,89.0236
7,82,105.8998
7,84,89.6616
7,85,121.2993
7,86,54.7274
7,87,122.7135
7,88,85.0615
7,89,85.1608
7,90,54.0021
7,91,73.3766
7,92,119.167
7,93,61.0059
7,94,37.0045
7,95,2.2415
7,96,41.6724
7,97,97.6113
7,98,90.0395
7,99,1.9999
7,100,95.1347
7,102,90.3498
7,103,129.7848
7,104,1.8529
7,105,90.574
7,106,44.1663
7,107,130.2261
7,109,112.6481
7,111,22.8
7,112,18.794
7,113,54.3852
7,114,122.3603
7,115,7.1845
7,116,101.4036
7,117,125.2836
7,119,25.527
7,122,16.3075
7,123,9.4112
7,126,41.25
7,127,72.3075
7,128,103.7474
7,129,69.173
7,131,44.7031
7,132,85.8985
7,133,122.5076
7,134,104.853
7,135,96.2142
7,136,16.1838
7,138,14.8934
7,140,72.2651
7,141,65.4645
7,142,56.8237
7,143,63.7854
7,144,55.7085
7,145,24.9164
7,146,125.3726
7,148,8.632
7,150,54.1388
7,151,110.8241
7,152,119.106
7,153,86.7034
7,155,81.8463
7,156,103.0033
7,158,10.492
7,159,67.5232
7,161,100.6137
7,162,109.2034
7,163,104.0021
7,168,42.5455
7,169,50.3486
8,9,133.6257
8,10,100.9656
8,11,104.2847
8,13,76.0751
8,14,95.9485
8,15,68.4712
8,16,121.8841
8,17,65.8924
8,19,80.084
8,20,56.3703
8,21,6.9407
8,22,43.0332
8,23,17.3128
8,25,95.6774
8,26,62.9363
8,27,86.2918
8,29,52.0456
8,30,58.2064
8,32,94.3661
8,33,8.706
8,34,49.5309
8,35,51.4814
8,36,85.5724
8,37,131.402
8,40,99.9256
8,41,6.5078
8,42,59.0266
8,43,54.9425
8,45,54.6467
8,46,127.5009
8,47,90.9318
8,48,90.1754
8,50,108.0329
8,54,96.3347
8,55,84.1973
8,56,72.6024
8,57,133.0016
8,58,123.9445
8,59,45.1177
8,61,18.5413
8,62,29.1285
8,63,63.5618
8,64,80.7387
8,65,107.3911
8,66,104.7902
8,68,102.5686
8,69,21.9467
8,70,73.6375
8,72,77.975
8,74,81.5918
8,76,12.3371
8,77,21.1351
8,78,39.9464
8,79,84.0076
8,80,24.666
8,81,97.2779
8,82,66.6542
8,83,112.8585
8,85,129.4258
8,86,21.3038
8,88,102.1925
8,89,22.1198
8,91,115.6474
8,92,95.2423
8,94,25.2706
8,98,28.3909
8,99,15.1079
8,101,55.3764
8,102,16.8152
8,104,30.414
8,105,55.7928
8,106,65.035
8,108,40.5588
8,110,43.4373
8,111,71.3868
8,112,35.9196
8,113,131.3898
8,114,53.5753
8,115,85.1712
8,116,97.3936
8,117,91.0058
8,118,43.011
8,120,62.3598
8,121,23.4613
8,123,1.1087
8,125,42.8341
8,126,104.706
8,127,53.3192
8,128,111.4577
8,129,9.3903
8,130,11.3451
8,131,44.99
8,132,57.3703
8,133,102.6559
8,134,116.7836
8,136,29.242
8,138,102.1192
8,139,43.5585
8,142,57.748
8,143,40.5948
8,145,1.0145
8,146,118.3697
8,148,11.5788
8,149,17.8885
8,154,87.4283
8,155,58.9616
8,156,20.9233
8,157,2.3389
8,158,71.254
8,159,82.1935
8,160,10.5154
8,161,51.7595
8,162,103.1697
8,163,132.9576
8,164,75.1323
8,165,78.6612
8,166,87.3595
8,167,89.9112
8,168,92.1842
8,169,126.9116
10,12,90.2861
10,15,54.8915
10,16,100.4072
10,17,116.7988
10,23,58.8293
10,28,44.2729
10,34,120.1973
10,55,132.5583
10,57,75.2311
10,60,9.8531
10,62,25.9915
10,63,64.0658
10,66,32.0052
10,70,87.164
10,74,79.2941
10,93,55.8222
10,95,69.65
10,102,103.8736
10,113,26.3524
10,115,67.2925
10,119,114.1599
10,123,90.3557
10,125,45.1167
10,128,69.4287
10,135,17.5221
10,137,55.1579
10,145,37.6139
10,147,93.9633
10,148,60.3192
10,153,19.2767
10,154,130.7599
10,161,70.4408
10,166,20.7218
11,26,7.7771
11,27,111.8256
11,31,67.1942
11,34,38.1923
11,50,54.1268
11,57,23.6946
11,67,131.9574
11,78,107.1845
11,84,74.3684
11,96,6.1643
11,132,121.8319
11,135,96.9327
11,142,65.4647
11,152,49.2012
11,154,128.8411
11,156,10.5586
11,159,126.2054
12,13,105.7117
12,16,128.1144
12,17,23.4366
12,21,70.4333
12,22,128.2612
12,23,117.7645
12,24,23.1647
12,25,65.3463
12,32,47.9363
12,39,65.814
12,40,66.9653
12,43,76.2902
12,51,27.7022
12,58,18.7931
12,64,107.6964
12,65,74.1483
12,68,121.875
12,71,71.1451
12,74,10.5769
12,75,131.2107
12,76,104.4355
12,78,97.0332
12,84,106.5087
12,85,73.6183
12,92,95.5208
12,94,113.7597
12,96,29.115
12,103,88.4129
12,105,106.133
12,107,121.7318
12,112,73.1665
12,113,32.2219
12,117,95.8134
12,120,11.0167
12,121,87.1129
12,123,62.3478
12,125,118.9805
12,126,57.2619
12,131,122.3682
12,132,128.1802
12,133,23.552
12,134,43.5184
12,135,26.697
12,136,33.0407
12,137,89.7938
12,139,22.7628
12,140,6.0688
12,142,132.6533
12,154,130.542
12,155,69.7415
12,157,101.9131
12,158,96.889
12,159,110.6204
12,161,68.8963
12,162,86.5141
12,165,9.6592
12,167,64.9983
13,14,71.2012
13,15,7.5344
13,17,126.0614
13,18,70.2959
13,19,34.2372
13,21,50.4384
13,26,95.7002
13,27,66.561
13,32,18.6942
13,34,98.1198
13,36,35.7887
13,37,118.2477
13,38,70.9457
13,42,87.5511
13,45,5.3472
13,46,79.0037
13,47,78.045
13,51,108.5088
13,54,6.3518
13,55,90.7813
13,58,118.058
13,59,119.5406
13,63,53.7882
13,64,120.3878
13,65,3.141
13,67,1.9914
13,68,109.8645
13,73,12.1948
13,74,26.3435
13,75,91.4955
13,76,13.1348
13,78,85.4789
13,81,117.3377
13,82,60.7824
13,84,36.826
13,85,97.891
13,87,15.845
13,88,82.2005
13,89,7.0912
13,90,69.1246
13,91,22.3186
13,96,47.8331
13,97,83.9994
13,98,101.4421
13,99,80.9966
13,100,52.8361
13,101,67.6622
13,103,55.9197
13,105,21.0369
13,107,76.0528
13,108,97.0
13,109,54.7287
13,110,52.2912
13,111,93.2821
13,112,86.2448
13,113,45.1695
13,115,17.1067
13,116,114.0117
13,117,69.816
13,118,53.2882
13,122,127.1752
13,123,53.1212
13,125,114.6339
13,129,84.1889
13,132,57.7975
13,133,125.891
13,134,59.1546
13,136,75.4207
13,138,4.4929
13,139,128.4182
13,140,7.0792
13,141,106.4869
13,143,56.8258
13,148,125.9892
13,149,10.3909
13,150,116.0015
13,153,24.7005
13,154,70.9033
13,155,112.615
13,156,71.9703
13,157,75.2003
13,160,131.2629
13,161,40.6754
13,162,56.4347
13,163,51.8451
13,164,133.827
13,166,34.5394
13,167,83.0395
13,168,112.4134
13,169,87.0293
14,15,61.0269
14,17,91.8062
14,18,74.3348
14,19,91.8168
14,20,128.6146
14,21,31.0142
14,23,58.0578
14,25,4.3511
14,30,15.4985
14,33,94.5809
14,36,94.8013
14,38,122.6549
14,39,22.6123
14,44,16.3694
14,47,106.7072
14,48,85.5604
14,49,133.3926
14,52,48.9965
14,53,24.3083
14,54,107.6134
14,62,45.1482
14,65,127.0781
14,66,25.1464
14,72,2.6178
14,73,54.2362
14,78,132.3407
14,81,27.8474
14,82,64.3774
14,87,52.0476
14,90,125.5496
14,93,31.8159
14,96,124.3521
14,102,84.375
14,104,75.3324
14,106,109.8734
14,109,16.0214
14,111,79.1241
14,117,68.5543
14,118,132.2119
14,123,34.2649
14,124,119.0025
14,126,75.3684
14,128,4.057
14,129,106.0838
14,130,45.9044
14,131,65.5019
14,138,80.3385
14,141,61.9466
14,142,91.5305
14,145,27.588
14,146,42.5068
14,149,82.1111
14,159,31.9142
14,162,104.8842
14,163,124.5929
14,168,80.4142
14,169,108.6735
15,19,121.5568
15,22,78.2917
15,25,87.7745
15,26,52.9344
15,29,37.0343
15,30,77.6581
15,35,4.9527
15,41,87.2034
15,46,35.8217
15,50,71.2508
15,51,2.3151
15,55,11.6849
15,62,39.6418
15,66,62.6267
15,67,120.0972
15,74,2.0484
15,76,52.6861
15,77,133.2866
15,79,25.0676
15,88,89.2639
15,91,120.1755
15,94,20.9787
15,98,32.9338
15,99,104.3913
15,100,101.7705
15,102,122.271
15,105,9.1501
15,115,104.6376
15,123,10.6329
15,124,24.9342
15,128,13.1389
15,131,124.1256
15,134,55.7343
15,140,80.5885
15,142,67.6097
15,147,32.7534
15,150,44.1858
15,151,59.8903
15,153,128.8573
15,155,5.0207
15,156,90.8387
15,157,48.7326
15,160,68.994
15,161,12.3436
15,165,100.1833
15,168,44.8357
17,20,123.6339
17,29,55.9756
17,46,72.7383
17,60,8.6703
17,67,110.8394
17,75,67.3914
17,78,130.4761
17,81,42.6473
17,86,89.8844
17,91,95.089
17,93,129.0177
17,100,28.9268
17,101,6.8952
17,103,81.5013
17,107,81.5834
17,109,85.4671
17,123,25.9968
17,135,74.457
17,142,130.854
17,143,13.8438
17,144,112.7927
17,146,47.0469
17,155,28.6338
17,161,58.3532
18,19,108.9395
18,21,10.7926
18,23,99.5241
18,27,63.0079
18,32,73.185
18,36,112.9614
18,37,90.474
18,39,120.9233
18,43,56.4911
18,45,44.4467
18,48,6.798
18,49,6.3186
18,51,2.7186
18,52,107.0079
18,53,57.5072
18,54,2.1253
18,58,1.1339
18,60,61.1542
18,64,108.8026
18,66,15.6153
18,68,48.9262
18,69,1.4727
18,73,92.6369
18,76,67.1354
18,77,121.477
18,79,108.8753
18,83,119.4426
18,84,18.5622
18,86,46.4013
18,89,25.4216
18,92,127.1709
18,93,119.9692
18,96,82.1114
18,97,48.8244
18,98,20.3002
18,99,45.0006
18,101,93.0274
18,102,102.8268
18,104,20.9839
18,105,57.5722
18,108,58.3091
18,114,114.5586
18,115,131.0553
18,117,127.7084
18,121,129.8583
18,122,103.4282
18,124,26.2839
18,134,20.7622
18,137,85.7432
18,138,81.5529
18,141,127.5733
18,142,13.309
18,143,132.7776
18,144,64.6199
18,145,131.6357
18,146,124.4512
18,147,84.4578
18,152,91.7896
18,153,50.1222
18,158,33.5093
18,165,133.2008
18,167,114.7295
18,169,81.2346
19,21,25.9827
19,26,106.1947
19,27,28.1477
19,30,17.98
19,31,32.9163
19,38,76.5394
19,40,8.3093
19,42,24.9202
19,46,19.708
19,47,88.2932
19,49,57.9901
19,50,113.2021
19,51,6.1118
19,54,40.7896
19,58,11.6737
19,60,103.1591
19,62,89.6751
19,67,36.5074
19,70,76.4646
19,71,21.3808
19,72,89.0703
19,74,73.4465
19,75,97.9668
19,78,65.422
19,83,25.5626
19,85,97.8531
19,86,108.1975
19,88,32.7939
19,89,103.7477
19,90,12.1493
19,99,121.923
19,102,95.869
19,104,125.6995
19,107,27.3326
19,109,116.3111
19,111,132.746
19,112,122.6883
19,113,55.8886
19,116,64.2084
19,117,47.1488
19,119,101.9323
19,120,30.6296
19,121,44.5302
19,122,103.2977
19,123,13.5614
19,125,28.3558
19,126,1.5062
19,127,53.7942
19,130,102.7579
19,131,64.1549
19,132,113.1472
19,137,44.9199
19,139,52.5536
19,140,30.7425
19,142,60.8464
19,143,119.297
19,144,26.0389
19,150,68.4914
19,153,67.1518
19,155,112.3826
19,161,115.3276
19,162,38.4605
19,163,109.5384
19,169,68.5219
20,21,119.8037
20,22,104.9892
20,23,99.1223
20,24,19.2873
20,25,122.9457
20,26,130.3448
20,27,55.3173
20,29,88.8058
20,30,128.9014
20,31,3.8864
20,33,50.8683
20,34,35.7582
20,35,46.2022
20,36,12.6403
20,37,54.1663
20,39,73.4739
20,40,128.0805
20,41,102.9505
20,42,112.154
20,43,125.4465
20,44,117.2053
20,45,104.7233
20,46,55.2086
20,47,35.098
20,48,115.3328
20,49,17.5702
20,52,15.9101
20,53,59.3804
20,54,43.9179
20,55,128.6686
20,56,102.113
20,57,113.4984
20,59,3.3663
20,60,55.1481
20,61,125.7788
20,62,17.1745
20,65,11.1056
20,66,81.2199
20,67,43.8686
20,68,10.3343
20,73,29.7376
20,75,120.9799
20,76,21.2694
20,77,117.8166
20,78,80.65
20,79,77.4909
20,80,95.8382
20,81,69.8949
20,82,103.2114
20,84,113.6712
20,85,36.8252
20,86,9.7421
20,87,95.5494
20,88,29.9943
20,89,22.9948
20,91,123.9554
20,92,27.8829
20,93,113.531
20,94,4.0177
20,96,47.7256
20,97,116.2062
20,98,56.6513
20,99,55.5335
20,100,58.1323
20,101,8.9636
20,102,52.4179
20,103,45.5991
20,104,117.1829
20,105,133.5552
20,106,81.5401
20,107,61.6269
20,108,103.3765
20,109,115.4511
20,110,33.3804
20,111,72.7151
20,112,44.6034
20,113,85.4179
20,115,79.044
20,116,68.8348
20,117,69.8759
20,118,47.8599
20,120,37.1804
20,123,52.1018
20,125,3.8952
20,126,34.5553
20,127,65.5206
20,128,58.878
20,129,44.9077
20,130,27.5958
20,131,46.0433
20,134,95.5181
20,135,118.395
20,136,27.6737
20,137,110.6529
20,138,24.7052
20,139,6.1771
20,140,21.9229
20,141,17.9556
20,142,45.5953
20,144,74.5693
20,145,59.4175
20,146,8.312
20,147,68.6916
20,148,98.7255
20,149,47.9163
20,150,88.757
20,151,126.4004
20,152,128.4259
20,154,7.3011
20,156,52.2163
20,157,99.1037
20,158,31.6819
20,160,73.1484
20,161,122.7895
20,162,21.9687
20,163,39.9568
20,165,41.8679
20,166,13.1172
20,168,68.5622
20,169,6.8139
21,26,75.6527
21,28,11.9481
21,30,123.5426
21,31,69.897
21,32,28.728
21,33,8.8505
21,37,101.8915
21,38,80.1095
21,40,74.8249
21,42,77.9149
21,43,34.951
21,46,98.8988
21,47,67.0363
21,49,45.829
21,50,117.4023
21,54,41.9993
21,55,89.445
21,56,27.6509
21,63,10.4333
21,64,53.1126
21,68,23.0606
21,71,76.7839
21,72,19.9755
21,73,44.3192
21,74,47.1036
21,75,41.5706
21,76,127.8169
21,78,45.9263
21,79,52.1228
21,81,65.8893
21,82,98.1109
21,83,109.676
21,84,31.6396
21,85,56.227
21,88,48.1747
21,89,21.8322
21,90,20.4199
21,94,58.78
21,95,20.9811
21,98,72.3816
21,102,125.6196
21,103,14.429
21,104,48.0474
21,108,117.3137
21,111,55.7439
21,112,35.2626
21,113,2.7539
21,114,123.2952
21,116,20.0561
21,120,49.9722
21,123,26.7972
21,126,63.5683
21,127,14.2554
21,131,83.491
21,132,31.6259
21,133,117.8056
21,137,37.3533
21,138,37.5721
21,140,32.0781
21,144,63.4276
21,146,84.5646
21,147,61.9735
21,148,128.9747
21,152,15.5863
21,154,60.8288
21,155,12.3253
21,156,17.088
21,157,28.1065
21,160,114.5592
21,161,12.2273
21,163,124.005
21,166,133.4972
21,169,130.806
22,23,98.2172
22,24,101.2643
22,27,8.0141
22,28,40.8902
22,29,115.1849
22,30,10.5622
22,31,100.5211
22,32,7.0986
22,33,68.8577
22,35,40.3965
22,38,25.5416
22,39,39.8546
22,40,118.7112
22,41,41.3
22,43,116.7704
22,44,36.399
22,45,65.9948
22,46,32.8904
22,48,10.2429
22,49,51.7231
22,51,96.4559
22,52,1.4342
22,53,93.114
22,54,133.2572
22,55,114.7217
22,56,55.7173
22,57,125.5363
22,58,111.6038
22,59,80.6204
22,60,2.6344
22,61,50.1477
22,62,63.1422
22,63,94.1803
22,64,13.859
22,65,7.0764
22,66,104.0895
22,67,71.2714
22,68,28.1281
22,69,76.4081
22,71,129.8428
22,73,112.1284
22,74,81.4421
22,75,108.0345
22,80,42.4237
22,81,61.9675
22,83,58.8189
22,84,19.5762
22,85,57.9918
22,86,95.0902
22,87,80.7689
22,88,78.3386
22,89,80.8979
22,90,38.7848
22,91,76.9733
22,92,74.6909
22,93,117.2787
22,94,67.4503
22,96,99.2472
22,97,59.3999
22,98,41.1321
22,99,38.9598
22,100,42.0443
22,102,3.9357
22,103,106.1304
22,104,91.6333
22,107,8.6056
22,108,71.0108
22,109,113.209
22,111,125.876
22,112,102.3114
22,113,38.876
22,114,57.8105
22,115,72.5111
22,117,18.6998
22,118,96.737
22,119,128.1902
22,120,113.7721
22,121,44.066
22,122,17.7043
22,123,53.1777
22,124,21.3353
22,125,107.4749
22,126,102.8648
22,127,78.5503
22,128,118.8801
22,129,76.3432
22,130,55.0901
22,131,56.8322
22,132,15.4683
22,133,69.8342
22,134,65.7683
22,135,26.2535
22,136,34.8864
22,138,16.4924
22,139,86.0974
22,140,124.1387
22,142,69.8361
22,143,21.4692
22,144,67.4994
22,145,15.6717
22,147,121.8941
22,148,48.1002
22,149,20.9172
22,150,23.0796
22,151,32.9408
22,152,122.2747
22,153,17.8648
22,154,5.2501
22,155,58.7268
22,156,36.6114
22,157,65.5417
22,159,44.7918
22,160,99.7427
22,162,18.6642
22,163,67.8812
22,164,78.458
22,165,64.1137
22,166,7.7909
22,167,47.2124
22,168,129.1196
22,169,72.0669
23,28,94.5499
23,41,37.9058
23,54,31.7119
23,62,69.799
23,66,99.8466
23,68,119.1289
23,71,14.1984
23,79,9.0209
23,84,16.7934
23,100,94.2396
23,106,17.8254
23,110,23.3867
23,118,105.9409
23,119,51.3452
23,120,132.0531
23,127,130.3967
23,128,92.8886
23,136,73.3066
23,140,106.1539
23,150,91.9913
23,159,82.9326
23,163,120.8897
23,166,77.0139
24,43,75.2422
24,46,31.2409
24,89,93.656
24,106,44.5011
24,128,103.1813
25,30,23.7374
25,31,128.2554
25,32,28.2973
25,33,92.0495
25,34,122.6449
25,38,97.2906
25,39,88.6721
25,43,60.4749
25,51,39.0039
25,53,116.3741
25,56,37.5382
25,61,95.1754
25,65,90.9318
25,66,127.5848
25,67,123.3112
25,69,16.3549
25,71,132.9325
25,75,133.7882
25,77,102.0553
25,78,21.0825
25,82,23.7191
25,85,25.0646
25,86,61.9719
25,87,128.3446
25,90,5.8326
25,91,31.0247
25,93,99.4939
25,96,74.068
25,103,77.4686
25,104,133.1179
25,105,10.5383
25,106,11.3518
25,110,31.4841
25,113,120.9581
25,121,17.7502
25,123,63.3639
25,124,95.4193
25,126,27.2261
25,129,64.9263
25,130,109.8541
25,136,25.3741
25,137,77.5752
25,138,46.7112
25,139,11.9407
25,141,122.0463
25,142,45.0385
25,143,27.0684
25,144,62.5339
25,145,68.8173
25,150,84.3836
25,151,59.7261
25,153,112.017
25,155,35.4554
25,156,34.2384
25,161,32.7679
25,162,69.4426
25,164,115.3721
25,167,67.8287
26,34,131.3107
26,35,42.7205
26,39,87.2299
26,41,17.5792
26,44,21.025
26,45,94.7174
26,46,115.0204
26,47,101.6384
26,52,133.4608
26,55,38.1572
26,56,8.7957
26,71,53.1085
26,75,86.9949
26,79,118.2773
26,82,90.6118
26,83,33.8989
26,84,111.5737
26,90,72.0779
26,91,22.171
26,92,105.1103
26,94,35.012
26,108,133.3519
26,115,71.2964
26,118,21.5193
26,119,47.6145
26,124,37.3624
26,143,133.6374
26,148,82.1102
26,152,53.5603
26,153,47.255
26,157,66.6519
26,162,24.9177
26,165,104.2887
26,167,132.8302
27,31,7.5149
27,34,92.38
27,36,112.6935
27,39,95.5346
27,40,100.2739
27,41,120.9152
27,42,102.3994
27,43,77.737
27,46,22.1911
27,48,44.3695
27,50,79.8102
27,51,117.9047
27,53,57.8
27,57,121.7777
27,60,17.72
27,61,61.1388
27,62,52.1249
27,63,30.7532
27,65,48.1545
27,66,119.8057
27,67,65.9258
27,69,21.0349
27,72,2.3046
27,73,55.619
27,74,31.7716
27,78,84.0042
27,79,17.1762
27,80,18.7045
27,81,84.9268
27,85,32.4684
27,86,63.3481
27,87,23.8211
27,88,15.1173
27,90,42.0983
27,93,75.3973
27,95,86.3408
27,97,56.4435
27,98,104.4825
27,101,131.8109
27,103,70.2101
27,106,127.0225
27,107,117.7802
27,108,112.9359
27,109,39.8168
27,110,37.3585
27,111,123.8948
27,115,93.6519
27,116,82.2207
27,117,96.6587
27,120,13.0799
27,121,8.1097
27,123,80.2357
27,124,60.9925
27,125,87.9312
27,129,9.9296
27,133,115.9107
27,135,21.7344
27,136,95.3983
27,141,114.5268
27,142,22.5097
27,143,105.5642
27,144,99.5334
27,145,109.9821
27,146,114.125
27,147,90.5063
27,150,73.9707
27,151,117.8654
27,154,15.687
27,155,114.258
27,156,127.7303
27,158,51.8994
27,159,94.2186
27,162,45.2916
27,163,89.7971
27,164,91.9031
27,167,67.5249
28,29,55.8383
28,30,27.6568
28,32,46.6464
28,33,73.4206
28,34,104.3522
28,35,120.1254
28,37,63.7699
28,38,52.8892
28,39,26.4912
28,40,15.0813
28,41,11.2955
28,42,121.9812
28,43,79.2498
28,44,9.2649
28,45,20.1704
28,46,107.676
28,47,28.644
28,48,93.05
28,50,10.7225
28,51,71.4785
28,52,89.4028
28,54,80.5309
28,56,77.5142
28,57,24.3148
28,58,78.3226
28,59,121.5161
28,60,17.6247
28,61,12.9711
28,62,18.6806
28,63,68.171
28,64,79.4636
28,65,27.5392
28,66,107.594
28,67,97.1494
28,68,6.5679
28,69,5.9158
28,70,57.9016
28,71,38.6747
28,72,43.3223
28,73,93.415
28,74,60.545
28,75,35.5749
28,76,46.177
28,77,9.4462
28,78,133.7862
28,79,39.077
28,80,84.6467
28,81,49.0385
28,82,46.988
28,83,79.2489
28,84,79.3544
28,85,28.3047
28,86,68.472
28,87,3.6212
28,88,22.7732
28,89,32.937
28,91,62.4541
28,93,34.8484
28,94,63.966
28,95,98.8265
28,96,11.9672
28,97,19.0883
28,98,15.3039
28,99,66.1663
28,100,77.4013
28,101,93.663
28,102,9.3742
28,103,102.716
28,105,75.2606
28,106,16.7548
28,107,2.6008
28,108,17.9593
28,109,18.2753
28,110,69.0985
28,111,40.6943
28,112,112.5573
28,114,115.215
28,115,11.5755
28,116,122.9417
28,117,83.6647
28,118,17.0851
28,119,78.0266
28,120,7.4874
28,122,51.4512
28,123,66.3175
28,124,4.5332
28,125,47.3367
28,126,80.5603
28,127,30.1463
28,128,38.0987
28,129,89.6411
28,130,73.3596
28,131,38.0794
28,132,98.144
28,133,69.8073
28,136,10.9963
28,137,92.773
28,138,28.3738
28,139,77.549
28,140,60.835
28,141,25.0307
28,142,76.1961
28,143,129.8354
28,144,27.1509
28,145,127.1648
28,146,103.1354
28,147,77.1904
28,148,61.6366
28,149,93.8105
28,150,25.3189
28,151,5.1806
28,153,13.0784
28,154,77.1944
28,155,61.887
28,156,51.9136
28,157,94.0816
28,158,17.7592
28,160,103.3863
28,161,67.4716
28,162,84.2114
28,163,87.1336
28,164,115.3769
28,165,43.4177
28,166,64.2829
28,168,43.2103
28,169,61.2439
30,31,47.5766
30,32,38.4931
30,36,70.82
30,38,88.9655
30,39,21.9637
30,40,104.6232
30,42,31.3516
30,46,28.8272
30,48,63.0458
30,50,71.6802
30,51,108.1949
30,52,24.7207
30,59,124.7851
30,60,83.8714
30,62,1.0694
30,63,126.8343
30,64,93.4741
30,65,21.0499
30,68,9.7642
30,69,117.9418
30,74,11.8988
30,76,63.0699
30,78,40.055
30,79,68.6689
30,81,87.0668
30,83,10.0459
30,84,54.6007
30,88,53.2446
30,89,92.0762
30,92,62.2821
30,94,88.762
30,98,28.8352
30,99,76.514
30,100,59.6617
30,103,103.0791
30,105,15.6981
30,107,107.8977
30,109,26.2086
30,112,23.6699
30,114,124.084
30,115,125.4485
30,116,76.2204
30,118,51.2692
30,119,65.8792
30,121,92.2646
30,122,119.0963
30,124,4.7252
30,126,127.5445
30,133,121.427
30,134,4.1728
30,135,90.191
30,137,105.7893
30,140,104.6246
30,141,117.8488
30,142,15.7734
30,143,58.1546
30,144,71.2579
30,146,25.3646
30,147,5.2332
30,150,100.8057
30,151,37.5487
30,152,110.086
30,155,11.1737
30,156,56.8948
30,157,24.7062
30,158,33.218
30,160,86.1159
30,161,116.0066
30,164,13.0365
30,165,6.5268
30,168,98.4208
31,33,39.7245
31,35,116.7
31,36,101.4883
31,37,97.2823
31,38,97.2499
31,39,63.7624
31,42,44.3912
31,45,113.105
31,46,128.9116
31,47,123.629
31,51,52.4698
31,52,96.7481
31,54,7.4255
31,55,62.1605
31,57,11.1159
31,61,86.7849
31,62,78.3379
31,64,105.5493
31,66,27.7506
31,69,32.5604
31,70,51.7308
31,72,20.4574
31,74,61.6508
31,78,65.4842
31,80,23.4967
31,81,86.8051
31,82,108.1792
31,84,74.6414
31,90,13.1311
31,93,6.562
31,95,92.1744
31,97,82.4333
31,98,4.8747
31,101,125.688
31,102,114.6292
31,104,116.8376
31,107,118.7103
31,108,74.094
31,109,70.6002
31,111,13.412
31,114,118.6883
31,115,29.3002
31,117,131.3926
31,120,103.2244
31,124,17.4113
31,125,98.8937
31,129,14.8941
31,130,119.0865
31,132,53.8306
31,133,27.9306
31,134,103.9155
31,137,120.1154
31,138,61.6646
31,139,38.9678
31,140,52.3624
31,144,115.3039
31,148,107.357
31,149,24.0671
31,150,62.9218
31,151,118.8947
31,153,70.9143
31,155,1.1037
31,157,15.7079
31,159,115.4376
31,163,69.0803
31,164,19.3283
31,166,18.1413
32,38,76.0087
32,91,60.9097
32,140,23.6319
32,142,100.5453
32,168,49.5346
33,36,96.2882
33,37,131.5173
33,38,72.8016
33,39,57.7908
33,40,85.4746
33,43,55.0323
33,45,28.9817
33,46,69.6706
33,47,124.1198
33,48,21.9567
33,49,80.4592
33,50,114.7328
33,52,106.11
33,53,17.3473
33,54,35.2443
33,55,108.7002
33,57,113.5648
33,58,84.5702
33,60,59.5112
33,61,118.4635
33,62,96.869
33,63,42.967
33,64,10.7252
33,65,97.5021
33,67,58.6809
33,68,63.0931
33,69,103.4703
33,70,125.7699
33,71,51.3405
33,74,74.6925
33,75,131.0107
33,77,66.3696
33,78,69.0291
33,79,95.3236
33,80,22.7583
33,82,26.0832
33,83,3.9247
33,84,6.2357
33,85,20.5824
33,86,23.0158
33,88,32.5759
33,89,77.7167
33,90,8.3844
33,91,40.3241
33,92,73.8724
33,93,69.3883
33,94,30.0966
33,95,103.1389
33,96,111.6314
33,97,82.3258
33,98,63.7318
33,99,72.4807
33,100,87.9495
33,101,72.7161
33,102,48.1636
33,103,19.0739
33,105,91.4006
33,107,76.9308
33,108,14.8275
33,109,1.8861
33,110,101.067
33,112,51.6679
33,114,30.2741
33,115,36.0071
33,118,95.3254
33,119,119.6327
33,121,103.3448
33,122,77.1425
33,123,101.3423
33,124,9.3301
33,126,18.0156
33,127,46.5822
33,129,68.3363
33,130,76.1179
33,131,106.2515
33,132,51.1009
33,133,47.1904
33,134,125.5271
33,135,47.1899
33,136,68.7033
33,138,89.8265
33,139,131.157
33,140,66.8108
33,141,6.3518
33,142,70.4488
33,143,131.5198
33,144,69.0748
33,145,132.8078
33,147,67.1404
33,148,98.3344
33,150,49.9094
33,151,51.4857
33,152,24.8087
33,153,114.5327
33,154,54.0083
33,156,117.9175
33,157,60.8387
33,158,130.1839
33,160,81.9489
33,161,55.242
33,163,86.0132
33,164,23.1247
33,165,42.1046
33,167,26.0956
33,168,132.838
33,169,127.1008
34,42,84.2842
34,56,59.8416
34,62,9.9949
34,66,54.6947
34,69,92.1557
34,70,40.1926
34,74,79.4698
34,75,106.3629
34,77,63.0846
34,78,50.7017
34,82,46.2349
34,84,36.1846
34,85,7.2158
34,92,103.613
34,95,81.3322
34,99,56.7963
34,100,104.4332
34,101,133.54
34,108,4.0592
34,114,43.0521
34,116,39.8261
34,135,125.6314
34,137,9.2071
34,143,106.3402
34,151,69.7946
34,158,111.9006
34,160,108.571
34,164,120.0333
34,167,105.1757
34,168,88.0602
35,36,90.8155
35,37,73.8846
35,38,13.958
35,39,95.1997
35,40,17.7474
35,41,116.7794
35,42,69.8182
35,43,121.7951
35,44,109.5672
35,47,26.734
35,50,12.47
35,51,79.5002
35,53,119.2193
35,54,131.5169
35,55,120.7764
35,56,53.7412
35,57,96.7512
35,58,86.0768
35,59,124.694
35,60,21.0097
35,61,18.4729
35,62,26.3964
35,63,87.8406
35,65,111.7739
35,66,108.141
35,67,17.8872
35,68,60.9667
35,69,13.5178
35,70,126.3589
35,71,34.9869
35,72,130.7969
35,73,97.2845
35,74,3.6279
35,75,100.6389
35,76,9.1879
35,77,87.8512
35,78,4.9814
35,79,50.6945
35,80,113.3195
35,81,6.1933
35,82,39.0248
35,83,127.9846
35,85,38.1214
35,86,115.3781
35,87,127.8936
35,89,59.8237
35,90,13.3418
35,91,130.4718
35,93,32.9896
35,94,26.4248
35,95,40.7434
35,96,64.8278
35,97,89.1944
35,98,40.7395
35,99,83.9393
35,100,33.3193
35,101,88.8557
35,102,42.3582
35,104,108.1551
35,106,96.3102
35,107,89.2038
35,108,113.2689
35,109,12.588
35,110,64.1969
35,111,83.2013
35,112,89.3453
35,113,24.0953
35,114,38.8959
35,115,106.0334
35,116,38.4589
35,117,117.1162
35,118,29.9757
35,120,97.3971
35,121,132.8625
35,122,62.5734
35,123,43.8874
35,124,94.3774
35,125,129.4403
35,126,65.7165
35,127,127.1361
35,128,113.9078
35,129,46.7659
35,130,1.602
35,131,9.2097
35,132,131.9262
35,133,113.5176
35,134,1.814
35,135,91.3162
35,136,106.2661
35,137,66.6758
35,138,34.8289
35,139,94.7779
35,140,79.0383
35,141,2.9455
35,142,74.9505
35,143,51.5386
35,144,77.1531
35,145,128.8135
35,148,68.03
35,149,108.1146
35,151,13.3398
35,152,5.9217
35,154,101.1403
35,156,38.2509
35,157,29.3273
35,158,15.0824
35,159,83.1195
35,160,4.5689
35,161,40.8958
35,162,85.5599
35,163,36.2897
35,165,16.7966
35,166,19.9813
35,168,3.4511
35,169,39.8
36,127,128.1484
36,166,56.9999
37,57,38.96
37,72,77.1606
37,121,68.9666
37,143,77.6888
38,81,76.2656
38,162,71.6488
38,165,33.0983
39,40,132.4767
39,42,9.9877
39,43,8.4368
39,44,111.4186
39,45,31.7314
39,46,29.8312
39,48,54.0142
39,49,67.4644
39,53,108.0625
39,57,76.5928
39,59,67.3662
39,61,43.4904
39,62,81.8748
39,63,21.4911
39,68,29.6468
39,70,28.5966
39,74,12.3635
39,75,106.4645
39,77,34.3397
39,80,102.6876
39,82,121.2303
39,86,115.4585
39,87,114.6807
39,88,53.6847
39,89,127.812
39,91,111.2976
39,93,125.5859
39,94,131.479
39,95,118.5141
39,96,109.3005
39,98,80.2276
39,100,104.9948
39,101,9.4289
39,102,78.5601
39,103,128.6339
39,104,98.0296
39,106,104.7951
39,110,101.2532
39,111,80.3737
39,113,79.2947
39,114,96.8725
39,115,110.2563
39,117,84.7893
39,119,19.7449
39,121,4.4594
39,123,117.5915
39,126,51.84
39,127,118.0569
39,129,15.3699
39,131,11.6198
39,133,30.3709
39,135,124.3284
39,136,93.2106
39,138,116.404
39,139,59.2279
39,140,21.247
39,141,39.7393
39,147,13.6934
39,149,133.4451
39,150,101.6903
39,151,47.0672
39,152,128.8881
39,153,3.4199
39,158,112.2461
39,159,23.7645
39,160,109.1454
39,164,106.6501
39,165,18.1731
39,166,29.9504
39,168,20.741
40,41,43.1496
40,42,126.8024
40,43,5.165
40,45,22.5764
40,47,79.8774
40,48,54.6073
40,50,119.841
40,51,71.0586
40,53,28.2381
40,54,91.487
40,55,121.5007
40,56,55.2228
40,57,117.6041
40,59,90.2681
40,63,75.7855
40,64,107.3572
40,65,32.0252
40,67,63.5015
40,69,85.1698
40,70,23.2247
40,71,57.8743
40,74,5.991
40,77,80.6007
40,79,99.0252
40,80,18.283
40,81,71.5186
40,83,114.447
40,84,34.8029
40,86,17.2486
40,87,92.3669
40,88,88.6667
40,89,34.4658
40,91,74.5273
40,92,39.0073
40,93,87.9296
40,94,110.2594
40,95,29.1366
40,96,31.3373
40,97,31.5368
40,98,17.66
40,99,118.8657
40,102,30.7883
40,103,56.4749
40,105,57.2487
40,106,5.1712
40,107,59.1606
40,108,124.2873
40,109,54.204
40,110,82.9738
40,111,65.8616
40,112,40.9118
40,114,32.3575
40,115,55.4731
40,116,32.0771
40,117,90.9091
40,118,84.9045
40,120,8.5144
40,123,98.089
40,124,73.6287
40,125,121.3625
40,127,47.5287
40,128,48.1125
40,129,52.6842
40,130,50.3472
40,133,28.7128
40,134,113.7482
40,135,55.1849
40,137,128.6674
40,140,38.4249
40,141,113.8116
40,142,32.7766
40,143,55.2488
40,145,21.4695
40,146,19.6084
40,147,97.4459
40,151,47.899
40,152,96.3937
40,153,93.89
40,155,74.6133
40,156,35.8444
40,157,79.0574
40,159,120.5514
40,161,8.3537
40,162,58.6061
40,163,7.1733
40,165,39.5377
40,167,49.0918
40,168,31.422
41,45,2.5495
41,46,48.0553
41,51,48.5066
41,59,115.5378
41,62,59.655
41,63,129.2873
41,66,35.5812
41,68,132.0569
41,69,35.1204
41,72,62.9249
41,76,9.7901
41,78,8.2449
41,80,44.7617
41,81,116.5624
41,83,111.7664
41,85,26.2353
41,87,67.8388
41,88,38.2069
41,92,60.625
41,94,70.22
41,99,122.1144
41,105,35.5224
41,106,33.4357
41,111,34.7641
41,116,2.1591
41,118,15.5362
41,119,34.5978
41,122,66.2333
41,127,90.249
41,130,100.9935
41,131,75.1288
41,139,52.5166
41,141,57.5884
41,144,74.2631
41,145,49.9922
41,151,66.2791
41,153,66.7298
41,154,35.2429
41,160,34.5139
41,161,31.1292
41,163,108.8529
41,168,103.4055
41,169,126.4328
42,44,107.9799
42,46,7.3583
42,47,27.5826
42,48,123.7291
42,51,9.1668
42,54,29.1792
42,56,4.7823
42,57,67.2545
42,59,93.8253
42,60,72.1615
42,61,90.1804
42,62,61.6167
42,65,95.7595
42,66,46.8366
42,67,55.8616
42,70,101.0924
42,71,19.7896
42,74,26.3607
42,76,86.5677
42,81,121.8424
42,82,36.5756
42,85,130.7882
42,86,123.6986
42,87,106.1113
42,89,70.1234
42,91,105.4558
42,94,126.4635
42,95,123.6529
42,99,83.0864
42,102,114.4307
42,107,82.8517
42,112,67.1303
42,114,24.6353
42,118,58.0955
42,121,87.9392
42,122,1.4176
42,123,119.4502
42,125,17.2899
42,127,92.4664
42,133,70.5998
42,134,118.076
42,137,102.1054
42,138,100.5261
42,139,109.6406
42,140,42.1922
42,142,94.2229
42,146,76.4857
42,148,123.9036
42,149,132.0623
42,150,102.4029
42,152,22.403
42,154,42.8442
42,156,114.8077
42,158,68.8798
42,159,67.7065
42,160,117.391
42,161,81.6049
42,163,76.7059
42,164,33.4949
42,165,20.2931
42,166,28.4974
42,167,119.9458
42,169,34.9501
43,46,125.9611
43,48,123.9924
43,52,117.6796
43,70,53.2919
43,72,111.5869
43,82,26.5852
43,84,10.1594
43,85,61.4736
43,91,132.7948
43,95,126.3635
43,97,112.7866
43,102,7.3619
43,104,79.6643
43,105,98.2858
43,111,94.9046
43,112,29.7126
43,117,65.3406
43,120,126.8271
43,123,19.8907
43,130,97.5595
43,131,91.8809
43,136,7.7756
43,144,34.9357
43,155,88.918
43,158,17.2774
43,159,78.2018
43,168,91.5988
44,45,55.3062
44,46,6.5719
44,47,88.7418
44,48,133.3747
44,49,101.4314
44,50,1.2511
44,51,83.6659
44,54,18.5471
44,55,82.2085
44,57,58.2932
44,58,75.8446
44,60,41.4581
44,61,39.3422
44,62,31.1616
44,67,48.3111
44,69,71.5147
44,70,97.9594
44,71,39.7928
44,72,63.8113
44,73,114.4574
44,74,66.1951
44,75,126.4109
44,76,118.3437
44,77,72.3298
44,78,119.6833
44,81,81.2979
44,82,54.0313
44,83,39.452
44,84,56.5722
44,86,66.3655
44,87,36.1666
44,89,43.5764
44,90,70.874
44,91,107.0526
44,92,104.3956
44,93,72.0031
44,95,60.2581
44,96,68.6439
44,98,25.2162
44,101,27.057
44,102,18.5386
44,104,119.0178
44,107,73.2794
44,108,117.8551
44,109,12.3925
44,110,28.6583
44,111,94.5479
44,112,75.3243
44,113,114.4935
44,114,109.1032
44,115,64.4963
44,117,95.4145
44,118,13.2882
44,119,127.5713
44,121,80.7606
44,122,73.3322
44,123,4.6309
44,124,104.764
44,125,17.002
44,127,130.3006
44,128,18.354
44,130,123.8549
44,131,76.4588
44,132,27.093
44,135,84.9822
44,136,13.7778
44,140,107.9767
44,143,81.2267
44,145,26.9419
44,146,10.4155
44,147,51.1876
44,150,105.3748
44,152,51.5971
44,153,101.3743
44,155,126.9456
44,156,30.7809
44,158,117.3632
44,159,122.012
44,160,42.5152
44,161,54.3954
44,162,9.2184
44,163,15.8321
44,164,103.5517
44,165,40.4645
44,166,10.4185
44,167,44.3935
44,168,55.0645
44,169,47.038
45,55,112.5759
45,60,116.3117
45,66,44.1361
45,69,120.7974
45,70,123.9986
45,74,103.7337
45,80,76.7342
45,95,49.2597
45,97,126.8539
45,104,4.7116
45,110,88.0733
45,118,63.3066
45,119,106.1235
45,122,36.4552
45,127,3.8818
45,132,56.0688
45,139,16.641
45,154,72.0708
45,157,83.6468
45,162,99.3283
45,165,15.8505
46,47,109.3082
46,48,50.6571
46,53,14.9618
46,54,124.3649
46,57,9.8136
46,58,49.3765
46,62,39.356
46,64,76.204
46,66,95.9066
46,68,81.9496
46,69,5.2078
46,72,98.3048
46,73,72.4783
46,75,64.8606
46,77,112.4905
46,78,54.0589
46,80,110.807
46,81,77.118
46,83,87.0615
46,86,30.615
46,88,33.5597
46,89,19.0839
46,92,46.3741
46,93,68.0744
46,94,43.0006
46,97,91.1934
46,98,75.3914
46,101,54.2601
46,104,20.6611
46,105,109.4625
46,114,113.4264
46,117,109.8342
46,118,48.7849
46,120,9.7624
46,121,77.971
46,131,59.4163
46,132,27.0854
46,134,72.5691
46,135,87.1907
46,136,13.4695
46,138,82.9061
46,139,108.1833
46,141,97.8644
46,142,44.6279
46,145,59.7919
46,149,8.2247
46,152,105.3103
46,154,37.716
46,158,3.7955
46,164,12.5392
46,165,78.7576
46,166,2.0502
46,169,58.6
47,53,119.7712
47,57,102.0181
47,59,99.5906
47,62,120.2341
47,66,85.1347
47,68,132.152
47,71,132.7232
47,74,105.6471
47,87,109.034
47,91,80.8916
47,97,53.7656
47,101,25.0306
47,102,2.8364
47,103,81.6493
47,105,94.3384
47,108,18.3299
47,110,130.7386
47,115,102.1792
47,116,53.6755
47,117,128.5249
47,123,132.5815
47,134,126.6524
47,136,109.1058
47,140,29.8954
47,142,44.0399
47,151,32.4294
47,152,83.3737
47,157,56.0824
47,162,110.1318
47,168,129.6188
47,169,100.7448
48,49,2.1174
48,52,104.5331
48,54,66.6132
48,55,46.2445
48,59,30.1619
48,62,78.6027
48,65,102.5595
48,66,40.5511
48,67,76.6639
48,68,51.6267
48,69,69.0776
48,70,86.0017
48,71,62.115
48,72,132.047
48,74,44.4539
48,78,6.3636
48,79,82.0964
48,81,43.5995
48,82,17.5778
48,84,79.6959
48,85,62.5396
48,87,128.7371
48,88,48.8456
48,89,38.7791
48,90,57.5176
48,93,14.6578
48,94,110.5722
48,97,17.6391
48,98,90.6281
48,99,91.7001
48,100,112.7119
48,103,75.6507
48,104,55.3834
48,105,60.3069
48,106,122.1258
48,109,81.3213
48,111,31.7311
48,112,65.9064
48,113,58.3233
48,114,112.3199
48,117,28.522
48,119,51.5426
48,122,7.6761
48,124,78.9623
48,127,11.8533
48,130,50.051
48,131,36.5476
48,132,115.6266
48,133,22.8399
48,135,83.6831
48,136,80.5872
48,144,33.8646
48,146,36.3872
48,148,53.9545
48,149,27.1848
48,151,51.807
48,155,31.4676
48,156,32.72
48,158,99.0314
48,160,110.4773
48,162,26.9812
48,163,28.691
48,164,64.0851
48,166,12.8356
48,168,61.7521
48,169,108.3681
49,50,104.8958
49,51,1.156
49,52,23.3504
49,53,88.0019
49,54,67.1846
49,55,22.0903
49,57,61.7767
49,58,71.8394
49,59,59.2321
49,60,64.1045
49,61,25.3509
49,62,3.9218
49,63,49.7972
49,64,90.2394
49,65,104.5534
49,66,80.1185
49,67,57.5553
49,68,106.3617
49,69,20.5235
49,70,118.5057
49,71,28.3627
49,72,103.8319
49,73,84.3918
49,74,27.6784
49,75,100.6782
49,76,123.6737
49,77,51.5175
49,78,18.6413
49,79,44.5085
49,80,94.7945
49,81,71.4257
49,82,58.571
49,83,34.1531
49,84,115.8914
49,85,15.1976
49,86,6.1425
49,87,90.4224
49,88,95.565
49,89,14.9363
49,90,69.5191
49,91,131.9104
49,92,25.4678
49,93,66.4464
49,94,41.6259
49,95,25.7369
49,96,38.6468
49,97,97.133
49,99,86.8361
49,100,28.5998
49,101,57.0695
49,102,123.2404
49,103,93.4893
49,104,2.4354
49,105,9.7863
49,106,14.5673
49,107,98.494
49,108,69.3474
49,109,9.2868
49,110,92.7345
49,111,78.3336
49,112,48.7639
49,113,132.4632
49,114,43.1901
49,115,66.8316
49,116,82.1745
49,117,115.1084
49,118,102.1113
49,119,84.189
49,120,11.1192
49,121,115.9183
49,122,18.1897
49,123,55.9141
49,124,127.8317
49,125,33.031
49,126,62.4925
49,127,49.7562
49,128,7.6121
49,129,122.6519
49,130,61.9673
49,131,78.748
49,132,76.0207
49,133,43.273
49,134,133.3801
49,135,112.0434
49,136,131.3958
49,137,112.4962
49,138,102.108
49,139,51.1877
49,141,45.555
49,142,113.8579
49,143,37.2355
49,144,38.6397
49,145,70.5844
49,146,76.9061
49,148,124.594
49,149,57.0646
49,150,22.8127
49,151,93.8266
49,152,84.3196
49,153,82.4987
49,154,72.304
49,156,31.0745
49,157,124.0761
49,158,50.1392
49,159,74.4973
49,160,53.1585
49,161,87.9511
49,162,2.0191
49,163,106.4243
49,164,35.3644
49,165,18.1732
49,166,117.1167
49,167,98.589
49,168,115.6946
49,169,110.7973
50,66,67.8357
50,71,98.2984
50,77,111.9997
50,78,86.5774
50,79,123.1185
50,84,88.9177
50,88,54.6424
50,99,128.1331
50,116,30.4179
50,122,23.9362
50,132,105.7929
50,152,70.9566
50,160,14.6956
51,78,3.6611
51,87,85.8235
51,138,94.1436
51,168,122.2166
52,56,49.1231
52,57,106.2358
52,60,37.4034
52,64,15.8647
52,75,69.3006
52,83,22.4963
52,87,87.8104
52,93,20.4659
52,98,84.0473
52,103,3.5962
52,104,56.4182
52,110,73.5512
52,111,16.4718
52,116,125.6221
52,124,51.9493
52,130,120.0529
52,134,27.7097
52,157,42.5914
52,166,8.4769
52,167,10.7185
52,168,113.5071
53,54,17.4314
53,55,79.6964
53,59,46.5158
53,60,5.3934
53,61,72.4842
53,64,109.6754
53,65,19.4827
53,70,56.99
53,75,90.5089
53,80,62.3351
53,82,16.2185
53,87,66.4571
53,88,70.7259
53,89,3.5525
53,90,62.6097
53,91,71.326
53,96,107.5381
53,97,14.8338
53,98,127.705
53,99,119.4414
53,101,13.0184
53,102,88.4638
53,104,18.6204
53,105,24.1802
53,106,43.1584
53,107,49.121
53,109,56.0902
53,114,129.4886
53,116,66.5675
53,118,106.8745
53,119,46.4625
53,122,58.4193
53,123,40.9493
53,124,99.533
53,130,59.4339
53,131,1.9301
53,132,16.4491
53,136,50.637
53,137,89.4724
53,139,3.9971
53,141,45.535
53,142,26.89
53,147,15.955
53,150,14.5708
53,152,85.4803
53,157,29.4756
53,161,78.3565
53,163,7.4815
53,167,53.0557
53,168,21.1281
53,169,10.855
55,72,39.6873
55,78,133.1625
55,93,119.153
55,94,60.9892
55,98,3.4322
55,106,77.0227
55,112,98.4777
55,118,124.1263
55,126,54.0973
55,132,62.1757
55,135,31.2475
55,138,75.4979
55,140,133.4132
56,68,83.0767
56,71,3.0314
56,75,32.3888
56,87,22.5226
56,91,77.7552
56,93,75.6826
56,126,124.6926
56,128,70.8683
56,137,80.1893
56,143,105.0791
56,148,94.8209
56,151,117.749
56,154,45.999
56,160,78.4071
56,164,13.6626
56,166,89.0447
56,168,51.1764
56,169,108.2778
57,58,50.7295
57,60,43.7669
57,62,125.1105
57,63,127.3265
57,64,26.511
57,65,104.419
57,66,3.4833
57,67,79.6449
57,68,114.3853
57,69,67.7736
57,71,74.9215
57,72,114.8479
57,73,102.016
57,74,133.0663
57,75,98.8321
57,76,32.9768
57,77,49.2325
57,78,107.7269
57,79,56.1
57,80,77.4157
57,81,110.6933
57,82,72.5764
57,83,74.2895
57,85,131.9119
57,86,93.4273
57,87,31.5126
57,88,99.5781
57,89,17.1671
57,90,47.7123
57,91,43.0869
57,92,132.4489
57,93,35.1546
57,94,68.4575
57,95,71.428
57,96,129.928
57,97,85.2214
57,98,72.7139
57,99,7.1573
57,100,68.8289
57,101,57.7445
57,102,1.2928
57,103,22.0032
57,104,8.335
57,105,44.7194
57,106,41.6806
57,107,1.4016
57,108,103.9637
57,109,69.0549
57,110,32.2887
57,111,16.2505
57,113,86.6548
57,114,91.758
57,115,115.5003
57,116,64.6131
57,117,119.9427
57,118,77.8574
57,119,94.1505
57,120,57.3949
57,121,46.3936
57,122,10.553
57,123,118.7703
57,124,127.2119
57,125,71.4902
57,126,100.0938
57,127,15.4999
57,128,39.3069
57,129,82.9993
57,130,111.2309
57,131,121.474
57,132,104.6244
57,134,121.7451
57,135,132.4001
57,136,101.8958
57,137,35.0124
57,138,98.3911
57,139,114.5819
57,140,98.5036
57,141,23.3067
57,142,133.4033
57,143,124.2046
57,144,96.8304
57,145,3.5342
57,146,110.7395
57,147,100.4796
57,148,75.411
57,149,35.7883
57,150,57.2643
57,151,118.7728
57,152,123.8367
57,153,20.8806
57,154,110.8079
57,155,116.6838
57,156,59.2994
57,157,50.348
57,158,39.0305
57,159,95.2276
57,160,54.8169
57,161,124.596
57,162,131.1006
57,163,74.7666
57,164,69.7026
57,165,41.1774
57,166,59.5775
57,167,8.3279
57,169,100.5258
59,62,25.4539
59,66,125.2694
59,67,114.7945
59,77,63.5384
59,82,106.4784
59,83,113.3404
59,86,71.5706
59,90,108.752
59,95,133.9597
59,105,68.7163
59,113,133.5142
59,114,56.4569
59,115,54.1987
59,116,3.3504
59,119,44.9153
59,124,120.1146
59,126,17.899
59,134,66.1845
59,137,23.1238
59,138,9.2171
59,139,61.8365
59,140,90.9827
59,145,69.1704
59,148,80.7716
59,153,43.049
59,156,99.3653
59,162,49.2977
59,163,45.5328
59,167,29.008
60,63,123.5926
60,64,38.135
60,65,109.7328
60,68,129.5694
60,76,42.626
60,78,33.2356
60,80,27.8032
60,83,7.9795
60,84,67.3853
60,85,133.8764
60,86,101.7172
60,87,75.6859
60,92,89.227
60,94,106.9505
60,96,127.6472
60,101,78.2752
60,107,44.3837
60,108,81.4307
60,112,53.8843
60,113,93.504
60,116,91.276
60,121,64.3947
60,123,87.3706
60,125,17.2435
60,138,56.569
60,141,119.7264
60,143,64.1616
60,145,20.2911
60,146,54.896
60,156,61.7899
60,159,126.9984
60,160,41.0416
60,161,112.1973
60,162,128.5456
60,164,13.9583
60,167,128.1077
61,62,53.9474
61,63,34.5201
61,64,124.923
61,65,17.6235
61,66,90.0254
61,67,19.2141
61,68,72.8233
61,69,49.0409
61,70,44.3846
61,71,33.0039
61,72,55.2467
61,73,19.9627
61,74,68.1809
61,75,109.7421
61,76,82.9295
61,77,2.6009
61,78,83.0322
61,79,33.6228
61,80,104.2718
61,81,27.7543
61,82,91.4963
61,83,80.7028
61,84,15.706
61,85,121.0322
61,86,20.7243
61,87,100.6754
61,88,114.1628
61,89,65.6718
61,90,128.0686
61,91,49.5089
61,92,17.9036
61,93,3.3668
61,94,23.1036
61,95,50.2236
61,96,33.9639
61,97,12.0947
61,98,58.5519
61,99,85.3904
61,100,131.5767
61,101,114.3327
61,102,49.1592
61,103,3.9675
61,104,102.8252
61,105,25.9296
61,106,90.3729
61,107,129.4708
61,108,44.3666
61,109,82.452
61,110,82.8323
61,111,133.6305
61,112,95.0713
61,113,46.5922
61,114,63.2434
61,115,19.4302
61,116,52.5231
61,117,62.5355
61,118,54.0741
61,119,43.687
61,120,129.8741
61,121,33.1454
61,122,105.6633
61,123,34.5006
61,124,95.8703
61,125,84.2802
61,126,55.5226
61,127,12.5799
61,128,18.5916
61,129,127.9824
61,130,113.0802
61,131,113.2422
61,132,104.813
61,133,79.9693
61,134,24.3125
61,135,11.8418
61,136,111.4652
61,137,26.929
61,138,22.7923
61,139,19.2869
61,140,38.6742
61,141,47.2697
61,142,64.5211
61,143,93.0293
61,144,106.5995
61,145,68.1826
61,146,115.2461
61,147,51.1928
61,148,5.515
61,149,33.5333
61,150,26.7997
61,151,20.2902
61,152,60.3071
61,153,5.6117
61,154,39.5242
61,155,92.2883
61,156,108.2815
61,157,121.1974
61,158,75.7194
61,159,10.3433
61,160,103.7767
61,161,122.9046
61,162,4.2417
61,163,28.6977
61,164,110.8204
61,165,16.8217
61,166,78.2747
61,167,9.4571
61,168,71.9102
61,169,130.7878
62,63,130.346
62,64,42.6982
62,65,97.3133
62,66,101.1757
62,67,88.2794
62,68,68.7739
62,69,22.4603
62,70,94.9927
62,71,69.8727
62,72,87.3554
62,74,48.8464
62,76,63.6277
62,78,58.6334
62,79,119.9082
62,80,122.5655
62,81,116.1521
62,82,34.6752
62,84,65.7015
62,85,91.666
62,87,132.2351
62,88,30.6355
62,89,46.5683
62,90,36.5878
62,91,111.6936
62,92,58.5873
62,94,69.8474
62,95,33.5144
62,96,17.5308
62,97,28.8007
62,98,52.284
62,100,92.7508
62,101,96.8264
62,102,25.9602
62,103,112.0112
62,104,94.1259
62,105,66.3279
62,106,15.6891
62,108,131.8821
62,109,77.0849
62,111,3.0864
62,112,35.6458
62,113,67.6744
62,114,119.6342
62,116,123.8002
62,117,64.831
62,118,68.2202
62,119,6.4061
62,120,83.8619
62,121,103.2477
62,123,76.2388
62,126,113.3562
62,127,128.9061
62,128,120.1915
62,129,10.9027
62,132,102.2357
62,133,122.9664
62,134,126.6484
62,135,65.1486
62,136,42.6972
62,137,59.9592
62,138,102.25
62,139,44.7529
62,141,107.7131
62,142,130.0072
62,143,130.8306
62,144,124.0863
62,145,71.8302
62,146,20.6495
62,149,37.7939
62,150,100.3852
62,151,15.4699
62,153,112.2638
62,154,83.8266
62,155,67.7664
62,157,112.5363
62,159,78.965
62,162,68.2622
62,163,4.3273
62,164,86.1296
62,166,4.1153
62,168,24.1791
62,169,10.4992
63,64,64.3096
63,65,62.0046
63,66,20.74
63,67,3.1253
63,68,24.5276
63,69,10.2143
63,70,94.9227
63,71,49.4942
63,72,130.3998
63,73,44.8848
63,74,48.6948
63,75,1.0428
63,76,61.5422
63,77,105.701
63,78,62.1496
63,79,121.7538
63,80,88.9237
63,81,49.9579
63,82,10.8264
63,83,120.033
63,84,82.9874
63,85,84.0678
63,86,15.5794
63,87,23.1504
63,88,14.9641
63,89,76.4591
63,90,104.4546
63,91,94.6069
63,92,132.2703
63,93,50.3071
63,94,81.4445
63,95,43.6989
63,96,14.7972
63,97,22.2353
63,98,92.4664
63,99,104.8832
63,100,55.8042
63,101,122.1366
63,102,86.0276
63,103,34.8527
63,104,13.8795
63,105,62.2943
63,106,45.3718
63,107,47.0095
63,108,105.2763
63,109,131.602
63,110,125.2283
63,111,48.9579
63,112,14.8187
63,113,65.1774
63,114,42.0344
63,115,7.8007
63,116,132.4454
63,117,111.0923
63,118,86.7007
63,119,51.7412
63,120,73.4097
63,121,13.4382
63,122,82.5294
63,123,98.3115
63,124,29.9474
63,125,83.3999
63,126,124.7578
63,127,86.4502
63,128,107.8391
63,129,108.7248
63,130,69.6805
63,131,128.6353
63,132,4.6651
63,133,90.4046
63,134,110.7404
63,135,36.9389
63,136,117.2265
63,137,111.4993
63,138,49.129
63,139,107.3313
63,140,130.8692
63,141,21.7177
63,142,122.9359
63,143,19.9515
63,144,49.5505
63,145,80.2242
63,146,100.4323
63,147,76.6769
63,148,14.5527
63,149,80.391
63,150,16.566
63,151,62.0246
63,152,13.1504
63,153,127.5867
63,154,61.783
63,155,91.8919
63,156,82.6408
63,157,114.7462
63,158,13.1527
63,159,33.9725
63,160,25.3877
63,161,20.8887
63,162,21.4939
63,163,16.0267
63,164,6.5476
63,165,69.3963
63,166,3.2762
63,167,82.3646
63,168,58.8714
63,169,7.5512
64,65,22.1209
64,66,125.9072
64,67,41.2336
64,68,72.8126
64,69,99.0076
64,70,82.0333
64,71,58.7337
64,72,105.2099
64,73,108.5347
64,74,108.1273
64,75,85.2941
64,76,62.8208
64,77,36.1386
64,79,59.4449
64,80,2.3627
64,81,107.8546
64,82,34.6138
64,83,64.0618
64,84,49.8024
64,85,116.3966
64,86,89.3931
64,87,86.682
64,88,25.931
64,89,33.3307
64,90,118.0258
64,91,10.0204
64,92,60.8544
64,94,51.3382
64,95,38.5816
64,96,7.9043
64,97,63.6174
64,98,85.5145
64,99,77.8615
64,101,133.1606
64,102,64.1919
64,103,31.8237
64,104,56.7626
64,105,106.4161
64,107,2.3546
64,108,21.1147
64,109,83.0069
64,110,55.5156
64,111,102.8791
64,112,61.3786
64,113,96.0974
64,114,124.3188
64,115,97.1892
64,116,15.4596
64,118,113.8955
64,119,24.6337
64,120,105.4905
64,121,128.5211
64,122,27.1647
64,123,77.1808
64,124,54.419
64,126,9.4641
64,127,112.9924
64,129,88.5417
64,130,29.0795
64,131,73.7246
64,132,69.6581
64,133,31.8507
64,134,58.9011
64,135,8.7175
64,137,71.4291
64,138,123.5525
64,139,78.4025
64,140,63.1543
64,141,36.2711
64,142,30.7343
64,143,31.0856
64,144,79.5943
64,145,65.8007
64,146,61.8196
64,147,62.0486
64,148,72.9259
64,149,82.8205
64,150,39.7261
64,151,32.0288
64,152,7.8007
64,153,94.355
64,154,76.909
64,155,124.144
64,157,70.3986
64,158,132.3239
64,159,65.18
64,160,102.267
64,161,128.9326
64,162,116.6838
64,163,51.8522
64,164,30.2441
64,165,110.9291
64,167,82.8284
64,169,41.6948
65,66,29.2181
65,67,91.807
65,68,121.5935
65,69,95.2257
65,73,92.5878
65,80,116.8329
65,82,88.3626
65,83,20.4852
65,88,95.4453
65,91,122.955
65,92,65.4247
65,93,62.7729
65,94,41.1356
65,96,125.8556
65,99,70.056
65,100,108.2122
65,105,120.9934
65,106,61.8116
65,108,55.0534
65,110,130.263
65,111,33.2391
65,112,24.377
65,113,54.4067
65,114,79.4857
65,115,96.8872
65,116,33.3686
65,118,119.5821
65,121,108.4771
65,122,42.042
65,131,66.4666
65,137,117.4082
65,138,68.1928
65,139,50.7298
65,140,66.0256
65,141,91.8825
65,144,50.1187
65,148,57.6306
65,150,27.9411
65,151,28.8262
65,152,115.2747
65,161,96.2751
65,163,115.423
65,165,71.1783
65,166,2.9412
65,168,127.9994
67,72,87.3688
67,74,46.2692
67,77,56.7616
67,78,89.9115
67,81,36.6074
67,83,126.3091
67,84,106.1246
67,96,18.6019
67,97,10.948
67,100,73.5675
67,106,29.1222
67,107,23.7496
67,117,35.14
67,124,33.2677
67,128,26.2777
67,131,70.7002
67,132,42.3759
67,137,119.8335
67,140,18.2382
67,143,12.7688
67,145,133.529
67,149,58.8781
67,153,95.0763
67,154,33.934
67,156,25.9072
67,157,60.066
67,165,95.9823
67,168,19.7043
67,169,95.3946
68,69,5.5421
68,70,13.5252
68,71,73.463
68,72,109.4454
68,73,41.2423
68,74,29.6259
68,75,71.7747
68,76,25.7534
68,77,42.3563
68,78,41.9693
68,79,97.9348
68,80,81.8768
68,81,48.6817
68,82,112.3301
68,83,100.1937
68,84,11.7611
68,85,81.9963
68,86,47.3647
68,87,112.2127
68,88,44.549
68,89,33.427
68,90,42.9838
68,91,132.185
68,92,97.4409
68,93,92.9657
68,94,35.3061
68,95,115.2403
68,96,43.5376
68,97,56.6657
68,98,10.3967
68,99,43.4984
68,100,70.6716
68,101,49.2671
68,102,110.6186
68,103,81.5751
68,104,133.113
68,105,68.0534
68,106,108.2752
68,107,65.944
68,108,20.9864
68,109,112.903
68,110,132.0516
68,111,77.0345
68,112,61.9788
68,113,112.0789
68,114,5.2505
68,115,81.2098
68,116,114.1257
68,117,133.9772
68,118,100.8963
68,119,122.0267
68,120,2.7267
68,121,103.4414
68,122,34.5407
68,123,93.4626
68,124,95.2785
68,125,74.927
68,126,104.5585
68,127,27.9634
68,128,40.3747
68,129,72.8153
68,130,20.448
68,131,28.7433
68,132,53.9398
68,133,37.2785
68,134,129.3095
68,135,65.0502
68,136,27.4379
68,137,25.1152
68,138,8.3959
68,139,58.0137
68,140,106.4576
68,141,40.9795
68,142,120.0997
68,143,64.7073
68,144,17.7374
68,145,33.3218
68,146,98.8659
68,147,69.6801
68,148,23.0397
68,149,56.8979
68,150,133.3956
68,151,68.2429
68,152,64.3849
68,153,47.1483
68,154,17.693
68,155,19.3774
68,156,43.2277
68,157,7.0351
68,158,65.2606
68,159,124.3957
68,160,66.5988
68,161,91.8463
68,162,125.6732
68,163,25.2019
68,164,34.1534
68,165,29.602
68,166,72.9227
68,167,124.8334
68,168,84.2656
68,169,30.0276
69,73,84.741
69,74,88.3591
69,77,54.7911
69,78,86.199
69,79,111.4216
69,80,47.8088
69,81,100.6755
69,83,47.2516
69,84,102.9327
69,85,106.2304
69,87,66.7243
69,91,39.5564
69,92,129.2254
69,93,129.9184
69,94,52.7473
69,95,95.4736
69,96,94.8393
69,97,64.1389
69,98,74.1824
69,100,51.1181
69,101,117.4983
69,104,7.8357
69,105,88.0843
69,106,65.2358
69,107,42.5505
69,109,52.4436
69,110,48.2873
69,112,94.0183
69,114,79.7586
69,115,38.2841
69,116,76.3524
69,117,102.282
69,118,67.4735
69,119,66.0637
69,120,53.9581
69,122,11.2388
69,124,127.0364
69,125,38.6954
69,126,67.478
69,128,6.3024
69,130,72.9106
69,132,48.1684
69,135,75.9383
69,136,88.3652
69,137,124.5369
69,138,83.4961
69,140,40.2207
69,141,133.3537
69,142,46.0211
69,143,85.666
69,146,22.3343
69,147,24.6504
69,148,59.9478
69,149,115.0547
69,150,16.9037
69,152,14.0844
69,154,38.3656
69,156,92.5854
69,162,131.8121
69,163,66.0443
69,165,72.0948
69,166,42.6291
69,167,14.9497
69,168,80.1912
69,169,99.9433
73,74,126.1164
73,75,15.8474
73,77,60.3785
73,82,52.5476
73,84,115.7986
73,85,6.9787
73,86,48.357
73,92,82.0071
73,94,14.9263
73,95,53.0327
73,96,93.0317
73,99,15.2933
73,109,97.2448
73,110,44.7625
73,112,72.6815
73,113,50.5569
73,114,102.0416
73,115,72.1286
73,116,81.2716
73,120,48.6136
73,122,27.8915
73,124,123.5458
73,125,110.4317
73,126,48.8108
73,130,74.7418
73,132,6.9005
73,138,115.3917
73,139,50.624
73,141,36.0746
73,142,124.8522
73,143,125.6262
73,145,25.4406
73,146,26.8443
73,147,113.4152
73,149,100.1632
73,150,27.5158
73,151,83.3194
73,154,91.5132
73,156,107.0462
73,158,12.6035
73,160,130.6542
73,161,102.1821
73,162,11.7199
73,163,69.9686
73,164,7.5459
73,167,107.2702
73,169,94.4914
74,79,46.0669
74,85,37.3043
74,86,28.3337
74,89,119.6466
74,93,7.0739
74,94,68.4134
74,110,83.9625
74,116,64.3897
74,122,109.6923
74,124,90.8468
74,125,19.6982
74,135,130.2751
74,139,42.1537
74,140,38.9552
74,161,115.8001
74,163,123.97
75,76,125.3724
75,77,83.2317
75,79,90.7964
75,82,80.3489
75,83,26.574
75,87,71.0338
75,89,20.1225
75,90,102.1523
75,91,3.2675
75,95,7.2758
75,96,128.0205
75,98,24.6413
75,99,86.9148
75,100,90.9355
75,102,31.2938
75,103,26.1739
75,107,102.9714
75,108,48.0689
75,111,82.1752
75,113,10.1335
75,114,101.5709
75,115,98.7184
75,116,92.8206
75,118,9.6826
75,119,95.4961
75,120,104.2214
75,124,13.0172
75,125,59.6072
75,127,15.631
75,128,33.6511
75,129,88.936
75,130,52.8359
75,131,85.1528
75,134,64.1103
75,135,95.4952
75,138,119.4418
75,140,126.9927
75,141,62.1655
75,142,39.885
75,144,111.5074
75,146,68.3016
75,148,126.7178
75,149,31.0868
75,152,98.6279
75,153,128.7556
75,154,13.8141
75,157,90.9388
75,160,72.8965
75,162,84.78
75,166,95.7557
75,167,82.1259
76,77,20.9602
76,78,120.9742
76,79,79.5881
76,80,108.9348
76,81,84.5014
76,82,16.8627
76,83,87.4472
76,84,38.2242
76,85,84.4963
76,86,48.7229
76,87,81.6486
76,88,52.8172
76,89,57.4386
76,90,93.4125
76,91,100.2693
76,92,127.2607
76,93,105.8926
76,94,97.8478
76,95,131.8231
76,96,132.8826
76,97,36.6031
76,98,103.8202
76,99,95.6806
76,100,64.9584
76,101,34.7463
76,102,62.2131
76,103,57.1277
76,104,79.9334
76,105,66.7405
76,106,113.1738
76,107,22.3038
76,108,70.9643
76,109,64.1203
76,110,36.3192
76,111,61.6467
76,112,40.3106
76,113,99.4545
76,114,27.3085
76,115,11.6848
76,116,99.5257
76,117,40.9455
76,118,122.307
76,119,87.9387
76,120,5.6742
76,121,76.7992
76,122,108.0549
76,123,73.593
76,124,115.9585
76,125,2.0576
76,126,7.6139
76,127,28.7274
76,128,22.5125
76,129,90.0216
76,130,68.3416
76,131,121.8804
76,132,85.6099
76,133,82.2718
76,134,15.4235
76,135,18.0425
76,136,123.365
76,137,47.5194
76,138,52.9443
76,139,66.8333
76,140,7.1944
76,141,116.0089
76,142,25.2478
76,143,40.4982
76,144,1.9412
76,145,82.5243
76,146,104.1027
76,147,87.0023
76,148,73.2754
76,149,70.5973
76,150,9.1919
76,151,68.1752
76,152,47.7504
76,153,46.408
76,154,18.8144
76,155,78.3017
76,156,74.0895
76,157,101.5921
76,158,9.8857
76,159,85.9225
76,160,118.5244
76,161,35.4567
76,162,128.9822
76,163,83.4057
76,164,109.2675
76,165,131.508
76,166,107.0275
76,167,78.182
76,168,4.6063
76,169,3.3002
79,81,97.4429
79,83,64.9213
79,85,5.354
79,89,15.4295
79,92,37.7486
79,100,44.5513
79,101,30.912
79,103,65.2325
79,104,112.9836
79,107,104.8871
79,109,70.3322
79,113,51.0364
79,120,112.9876
79,121,68.4696
79,123,131.9669
79,124,14.0014
79,125,116.0356
79,128,125.605
79,130,91.3204
79,131,7.28
79,132,120.6929
79,134,15.2327
79,135,119.9601
79,136,123.8659
79,137,43.8212
79,138,57.5228
79,139,16.9865
79,141,5.46
79,143,14.8181
79,145,127.6205
79,146,22.2883
79,148,27.7487
79,151,115.3121
79,153,113.134
79,156,67.1782
79,157,53.4269
79,158,6.5645
79,159,19.8935
79,166,127.449
79,167,123.5131
79,168,114.3711
81,85,2.1486
81,89,16.3106
81,92,103.0636
81,99,83.0802
81,105,8.4844
81,106,42.3283
81,110,131.3771
81,111,133.5854
81,118,105.9797
81,119,122.8975
81,126,20.6408
81,132,7.1155
81,139,65.1844
81,142,24.6401
81,150,81.8778
81,151,131.5294
81,154,113.1249
81,158,74.0241
81,168,130.6802
81,169,119.0588
82,83,121.7895
82,84,109.8295
82,85,29.0947
82,86,23.2637
82,87,33.0798
82,88,61.8248
82,89,80.3727
82,90,3.8306
82,91,96.3961
82,92,14.356
82,93,104.4505
82,94,124.9034
82,95,48.6747
82,96,108.0871
82,98,80.6642
82,99,62.3305
82,100,49.6859
82,101,38.6102
82,102,95.6838
82,103,128.8618
82,104,117.9254
82,105,116.0845
82,106,44.2496
82,107,34.3613
82,108,74.9219
82,109,59.7675
82,110,80.9291
82,111,128.4237
82,112,101.0431
82,113,40.4802
82,114,8.6706
82,115,53.6225
82,116,72.9055
82,117,53.59
82,118,127.6573
82,119,31.5814
82,120,61.7973
82,121,81.053
82,122,89.2139
82,123,24.3942
82,124,7.3066
82,125,101.48
82,126,22.3974
82,127,110.9982
82,128,51.1219
82,129,73.9913
82,130,53.4905
82,131,85.4868
82,132,124.7146
82,133,60.7483
82,134,88.6809
82,135,25.0794
82,136,18.7312
82,137,91.3188
82,138,119.988
82,139,58.603
82,141,102.3999
82,142,93.4587
82,143,90.615
82,144,24.4547
82,145,121.026
82,146,91.8951
82,147,132.7747
82,148,89.0262
82,149,113.0094
82,150,109.3756
82,151,49.8758
82,152,23.1108
82,153,84.4427
82,154,58.659
82,155,116.8356
82,156,37.1616
82,157,61.5276
82,158,115.5433
82,159,111.703
82,160,43.1987
82,161,8.1289
82,162,56.4613
82,163,45.3106
82,164,128.5391
82,165,12.0745
82,166,80.9243
82,168,44.9566
82,169,33.6545
83,97,14.5411
83,110,129.416
83,129,66.379
84,86,23.703
84,89,4.8739
84,94,52.8364
84,95,26.9971
84,99,86.9605
84,100,124.757
84,101,122.1833
84,102,96.9583
84,104,23.2501
84,106,120.1454
84,110,103.1054
84,112,33.8526
84,113,14.5353
84,114,94.8183
84,116,124.1354
84,117,91.7828
84,124,29.7551
84,126,122.5756
84,139,14.6015
84,140,111.7212
84,141,3.7004
84,142,47.4615
84,146,71.8999
84,147,64.4463
84,161,72.2042
84,162,55.4653
84,164,69.4902
84,165,12.5623
84,168,38.4381
85,86,48.8985
85,87,39.7707
85,88,9.3441
85,90,59.3495
85,92,32.7158
85,95,115.6538
85,101,89.4662
85,104,47.707
85,106,112.5498
85,107,83.575
85,112,4.9956
85,113,109.517
85,114,38.7666
85,115,49.9565
85,116,67.2808
85,117,23.6825
85,119,57.5144
85,121,106.5851
85,122,36.6219
85,123,32.3247
85,124,50.1565
85,125,19.5947
85,129,75.1168
85,132,4.7651
85,136,76.861
85,139,28.8687
85,141,93.1574
85,144,59.6358
85,147,37.4763
85,148,105.9671
85,149,97.1846
85,150,36.9433
85,152,47.0737
85,155,46.305
85,156,128.009
85,157,77.2726
85,162,131.4202
85,163,113.6863
85,164,42.5058
85,166,55.3877
85,167,85.1441
85,169,42.6832
86,98,113.4102
86,101,82.6135
86,102,63.0074
86,107,78.572
86,123,89.8596
86,126,53.8868
86,141,10.6904
86,143,97.931
86,149,30.794
86,164,88.2399
87,91,78.8481
87,92,35.0876
87,93,22.0019
87,94,84.5403
87,96,81.3131
87,100,17.2854
87,101,39.3652
87,104,28.9053
87,105,83.8678
87,107,63.7996
87,108,73.3442
87,109,102.233
87,113,124.892
87,114,122.3463
87,115,11.5264
87,116,35.0066
87,118,36.6183
87,119,119.2499
87,121,125.8965
87,122,9.5957
87,123,133.6152
87,126,120.2558
87,127,42.2787
87,129,60.1853
87,132,9.7287
87,134,52.3068
87,137,72.079
87,138,69.1845
87,139,93.9384
87,144,128.5704
87,145,40.5656
87,149,131.3412
87,150,90.8966
87,151,49.7188
87,152,18.376
87,153,51.1744
87,157,60.5538
87,158,95.3226
87,159,133.6727
87,163,56.8087
87,164,124.3305
87,165,32.2752
87,167,50.8264
87,168,44.8273
88,89,128.6611
88,90,12.1613
88,91,132.3941
88,92,11.819
88,93,6.2841
88,95,11.0729
88,96,99.4017
88,97,112.9224
88,98,95.0077
88,100,93.7243
88,102,109.9559
88,103,6.8798
88,104,102.8847
88,105,106.8429
88,106,111.769
88,108,79.5303
88,109,6.5314
88,110,69.9085
88,111,118.4081
88,113,10.3304
88,114,10.1771
88,115,106.8844
88,116,82.5705
88,117,126.4826
88,118,112.2002
88,119,84.8138
88,120,58.56
88,121,104.906
88,122,15.1301
88,123,48.887
88,124,14.8338
88,125,51.013
88,126,105.7625
88,128,103.0384
88,129,124.6356
88,130,11.7956
88,131,106.7096
88,132,47.118
88,133,55.9322
88,134,109.147
88,135,117.7164
88,136,9.3961
88,137,105.1077
88,138,1.1925
88,139,44.8715
88,140,125.2607
88,141,103.8627
88,142,83.9012
88,143,63.5789
88,144,53.455
88,145,128.4206
88,146,13.4343
88,147,36.066
88,148,13.1122
88,149,38.6908
88,150,125.7087
88,151,60.2876
88,152,84.2127
88,153,125.7702
88,154,99.216
88,155,101.4538
88,156,121.9727
88,157,31.0859
88,158,48.868
88,159,91.8375
88,160,86.4791
88,162,25.5944
88,163,64.5149
88,166,129.4077
88,167,30.9902
88,169,79.0448
89,94,74.1912
89,116,113.2705
90,91,47.7193
90,92,117.9625
90,93,46.6313
90,94,93.6421
90,96,77.8039
90,97,35.8995
90,98,59.4721
90,100,65.7149
90,103,63.4796
90,104,90.3525
90,105,40.1534
90,107,106.0614
90,111,10.0968
90,112,74.8855
90,114,96.4103
90,115,92.3736
90,118,95.2753
90,119,109.9989
90,122,115.7603
90,125,8.6044
90,126,36.5634
90,134,33.0468
90,136,70.5828
90,137,56.0795
90,140,113.7799
90,141,45.75
90,143,11.5555
90,144,25.6969
90,145,84.1653
90,147,119.8883
90,150,103.6294
90,152,125.3749
90,153,53.6753
90,154,70.3088
90,155,122.1288
90,156,93.8587
90,162,49.2581
90,163,13.1692
90,166,132.9204
90,168,18.6576
90,169,106.4309
91,92,73.6599
91,93,6.7283
91,94,83.2502
91,95,128.2425
91,96,5.5005
91,97,79.6652
91,98,34.8673
91,99,12.2093
91,100,86.5552
91,101,122.8492
91,102,119.0507
91,103,85.4637
91,104,18.544
91,105,61.3744
91,106,113.7266
91,107,16.989
91,108,93.3252
91,109,20.125
91,110,129.7072
91,111,70.0351
91,112,102.3317
91,113,82.8901
91,114,111.311
91,115,31.0876
91,116,17.4474
91,117,22.1198
91,118,67.8338
91,119,95.2915
91,120,64.8637
91,121,102.7289
91,122,43.2434
91,123,58.2801
91,124,72.2855
91,125,78.287
91,126,97.5959
91,127,120.2902
91,128,130.0542
91,129,13.4095
91,130,23.7394
91,131,72.6675
91,132,81.2169
91,133,93.6385
91,134,87.2326
91,135,50.4085
91,136,19.7059
91,137,28.67
91,138,2.6167
91,139,106.0762
91,140,24.7937
91,141,70.0199
91,142,19.9497
91,143,3.5074
91,144,36.1692
91,145,45.5951
91,146,106.4646
91,147,31.0887
91,148,119.3847
91,149,52.8935
91,150,124.5133
91,151,46.7433
91,152,131.7891
91,153,40.269
91,154,1.5704
91,155,55.7299
91,156,28.1428
91,157,45.5497
91,158,105.8813
91,159,74.8844
91,160,30.9707
91,161,78.4675
91,162,24.4652
91,163,46.2478
91,164,127.5826
91,165,116.0791
91,166,31.658
91,167,43.9893
91,168,51.939
91,169,102.8895
92,93,4.909
92,94,126.2101
92,95,29.973
92,96,57.2502
92,97,97.4593
92,98,45.1651
92,99,16.2841
92,100,99.4997
92,101,46.4623
92,103,128.8482
92,104,84.0391
92,105,105.7336
92,106,85.8294
92,107,76.1936
92,108,60.4038
92,109,111.2293
92,110,100.8709
92,111,100.1927
92,112,133.8259
92,113,69.611
92,114,109.1834
92,115,17.9091
92,116,41.7561
92,117,39.4251
92,118,9.3391
92,119,109.9344
92,120,52.3112
92,121,8.4697
92,122,113.6908
92,123,35.7765
92,124,132.146
92,125,115.1748
92,126,131.7627
92,127,82.8215
92,128,78.0642
92,129,7.7244
92,130,82.0252
92,131,71.3186
92,132,97.924
92,133,79.9933
92,134,91.5318
92,135,47.6785
92,136,78.3781
92,137,46.0474
92,138,32.6275
92,139,115.487
92,140,129.6399
92,141,3.7509
92,142,13.6711
92,143,81.9787
92,144,124.4838
92,145,74.5393
92,146,11.5252
92,147,21.1985
92,148,119.9647
92,149,35.788
92,150,50.5423
92,151,81.2942
92,152,23.3474
92,153,71.1558
92,154,82.5058
92,155,12.7984
92,156,75.3921
92,157,92.7421
92,158,113.5717
92,159,95.6831
92,160,41.2114
92,161,63.3665
92,163,91.57
92,164,52.2404
92,165,39.9078
92,166,25.7551
92,167,73.2475
92,168,101.7001
92,169,39.1261
93,94,76.0025
93,95,96.8556
93,96,47.368
93,98,47.669
93,99,133.8619
93,100,17.6887
93,101,74.2998
93,102,98.9345
93,105,54.5435
93,107,85.373
93,109,88.1396
93,111,57.5755
93,112,62.9037
93,113,43.2119
93,114,96.9611
93,115,21.1991
93,116,81.9418
93,118,101.5774
93,119,85.1695
93,120,57.5754
93,121,52.3865
93,123,19.2023
93,125,41.7099
93,126,87.8589
93,127,44.3274
93,128,75.6213
93,130,36.3346
93,131,131.6246
93,132,63.8411
93,133,46.3166
93,134,123.8585
93,135,41.6478
93,139,29.8713
93,140,104.6577
93,141,50.0046
93,142,90.754
93,143,4.8482
93,144,58.5596
93,147,1.9057
93,150,45.1545
93,152,58.8218
93,154,70.6775
93,156,9.3925
93,157,52.0512
93,158,50.7281
93,159,52.8276
93,161,9.9359
93,162,100.5384
93,165,127.483
93,166,27.1372
93,169,34.4915
94,95,40.2667
94,96,83.8726
94,97,81.6297
94,98,68.7683
94,99,6.0689
94,100,82.3724
94,101,56.7515
94,102,85.9375
94,103,60.1921
94,104,49.2032
94,105,45.2919
94,106,105.6794
94,107,73.3115
94,108,53.6915
94,109,10.7518
94,110,65.1793
94,111,131.0824
94,112,20.247
94,113,73.2844
94,114,55.3323
94,115,124.7926
94,116,95.9427
94,117,101.992
94,118,48.5165
94,119,118.5234
94,120,114.3766
94,121,5.6907
94,122,15.333
94,123,33.6013
94,124,54.4129
94,125,120.0474
94,126,13.7196
94,127,18.7462
94,128,104.4104
94,129,82.2102
94,130,80.874
94,131,112.7013
94,132,88.1698
94,133,93.5034
94,134,55.5557
94,135,94.3293
94,136,27.2976
94,137,6.2759
94,138,106.3363
94,139,63.15
94,140,1.6767
94,141,2.7465
94,142,86.0141
94,143,98.7401
94,144,5.6147
94,145,1.1899
94,146,3.5502
94,147,6.409
94,148,78.0615
94,149,61.1684
94,150,52.2653
94,151,54.0943
94,152,67.1324
94,153,23.3435
94,154,107.071
94,155,7.6321
94,156,107.4747
94,157,72.7074
94,158,64.3316
94,159,130.723
94,160,104.6329
94,161,64.4138
94,162,6.5718
94,163,98.5595
94,164,38.8571
94,165,40.7276
94,166,92.7439
94,167,33.7949
94,168,105.344
94,169,119.7859
95,98,86.8929
95,115,61.5764
95,134,106.7952
95,135,95.6686
95,144,120.7381
95,149,65.1391
96,97,93.5676
96,98,62.4935
96,99,106.7995
96,100,40.6113
96,102,93.4445
96,104,90.9212
96,105,12.3927
96,106,118.8453
96,107,102.2887
96,108,30.8491
96,109,13.9334
96,110,33.4458
96,112,18.1572
96,113,77.6012
96,114,8.2349
96,115,105.4918
96,116,110.8834
96,117,22.3075
96,118,121.9941
96,119,67.5419
96,120,17.7351
96,121,104.9309
96,122,4.5397
96,123,117.6694
96,125,38.3133
96,127,38.2588
96,128,105.8948
96,130,102.5139
96,132,61.4641
96,133,15.019
96,134,132.4426
96,135,54.5214
96,136,36.7671
96,137,45.8406
96,138,80.4699
96,139,118.3707
96,140,119.0613
96,141,125.0194
96,142,82.3512
96,143,92.9987
96,144,17.9717
96,145,64.9367
96,146,45.5701
96,148,26.4942
96,149,13.5989
96,150,61.1879
96,151,12.9804
96,152,58.6585
96,153,19.1782
96,154,4.6527
96,155,59.1571
96,156,133.7258
96,157,98.3567
96,159,110.965
96,160,131.4813
96,161,55.9846
96,162,72.6005
96,163,51.4502
96,164,80.674
96,165,3.1128
96,166,10.032
96,167,91.1868
96,168,75.557
96,169,33.5137
97,98,54.5312
97,99,17.3137
97,100,48.2128
97,101,113.065
97,102,57.5662
97,103,103.7392
97,104,37.83
97,105,125.8729
97,106,38.6251
97,107,113.9636
97,108,41.1677
97,109,35.8696
97,110,51.908
97,111,8.8421
97,112,92.2088
97,113,20.783
97,114,127.2938
97,115,89.5716
97,116,25.9005
97,117,71.1921
97,118,36.8155
97,119,111.5123
97,120,83.0179
97,121,104.708
97,122,95.2291
97,123,38.4348
97,124,98.5121
97,125,72.2231
97,126,82.4471
97,127,11.4714
97,128,56.6854
97,129,56.0944
97,130,57.6735
97,131,108.9895
97,132,81.3315
97,133,58.6361
97,134,85.9289
97,135,62.0004
97,136,129.8239
97,137,34.8739
97,138,85.25
97,139,10.6597
97,140,123.2033
97,141,21.8291
97,142,9.4695
97,143,27.3059
97,144,1.0168
97,145,41.6362
97,146,83.9606
97,147,4.6191
97,148,82.8285
97,149,35.941
97,150,45.4414
97,151,49.5088
97,152,71.6933
97,153,18.0276
97,154,110.6287
97,155,126.7569
97,156,89.3472
97,157,55.3342
97,158,73.3821
97,159,1.6715
97,160,111.1318
97,161,59.2353
97,162,50.1732
97,163,35.9704
97,164,35.9514
97,165,73.667
97,166,108.518
97,167,121.1579
97,168,31.2853
97,169,20.9994
99,102,133.3743
99,113,124.0193
99,114,123.2026
99,118,83.9999
99,129,62.2808
99,135,9.1907
99,138,46.1048
99,141,95.0543
99,143,92.3982
99,144,125.3289
99,153,78.9841
99,154,28.6956
99,161,65.5013
99,164,112.6261
100,112,67.3986
100,114,98.1425
100,115,29.6312
100,119,54.2544
100,125,113.6969
100,129,42.1751
100,131,51.4977
100,132,86.3206
100,133,129.9593
100,135,6.497
100,139,12.6999
100,149,104.4011
100,153,16.088
100,161,53.2052
102,103,26.3909
102,104,111.6891
102,105,75.1701
102,106,90.7559
102,107,23.9019
102,108,94.6467
102,109,46.0229
102,110,117.5421
102,111,85.576
102,112,45.0689
102,113,42.7434
102,114,10.1828
102,115,11.1168
102,116,40.459
102,117,87.4216
102,118,27.1271
102,119,131.6034
102,120,67.2358
102,121,30.5949
102,122,90.0501
102,123,39.0309
102,124,96.2753
102,125,40.4374
102,126,25.5988
102,127,107.4298
102,128,112.0812
102,129,26.7875
102,130,76.8132
102,131,127.8305
102,132,108.4884
102,133,29.1384
102,134,5.3225
102,135,48.4244
102,136,132.1525
102,137,15.6203
102,138,80.5785
102,139,81.0709
102,140,110.1515
102,141,80.2202
102,142,44.7917
102,143,46.9588
102,144,39.4698
102,145,60.5724
102,146,3.4296
102,147,51.3613
102,148,118.0627
102,149,50.3457
102,150,127.3301
102,151,127.3126
102,152,85.9947
102,153,113.0564
102,154,14.5218
102,155,32.3587
102,156,73.019
102,157,84.5677
102,158,48.5959
102,159,113.8616
102,160,29.1933
102,161,27.8538
102,162,106.8626
102,163,49.5218
102,164,93.6473
102,165,49.6811
102,166,20.6473
102,167,108.2333
102,168,59.5256
102,169,54.1923
104,107,39.6526
104,141,33.8627
104,156,75.7132
104,163,128.9941
104,169,69.7462
105,106,10.0024
105,107,47.0596
105,108,23.3564
105,109,50.2234
105,110,110.9448
105,111,113.7503
105,112,13.5225
105,113,98.122
105,114,45.5255
105,115,77.8785
105,116,129.3466
105,117,23.4601
105,118,31.5753
105,119,74.041
105,120,35.5343
105,121,10.3339
105,122,9.9726
105,123,9.1984
105,124,116.5812
105,125,65.3349
105,126,25.5707
105,127,18.4295
105,128,7.0137
105,129,77.1084
105,130,76.4881
105,131,105.8815
105,132,62.5471
105,133,13.4289
105,134,95.5327
105,135,101.8032
105,136,59.2251
105,137,29.9054
105,138,79.8044
105,139,106.8158
105,140,119.4892
105,141,82.0397
105,142,119.886
105,143,73.0819
105,144,23.7308
105,145,59.3756
105,146,28.4642
105,147,132.5845
105,148,60.9935
105,149,57.146
105,150,51.7006
105,151,121.0653
105,152,47.0655
105,153,73.1294
105,154,64.2017
105,155,60.3002
105,156,29.9374
105,157,62.7412
105,158,93.6243
105,159,42.1233
105,160,28.0435
105,161,129.1529
105,162,23.2687
105,163,33.0581
105,164,78.3062
105,165,53.0988
105,166,88.384
105,167,44.3552
105,168,106.7909
105,169,86.4559
108,109,79.8178
108,112,80.2964
108,113,77.6284
108,115,98.8114
108,116,18.0799
108,119,4.0753
108,121,126.449
108,122,22.3563
108,123,72.4712
108,124,115.8045
108,126,69.9407
108,127,39.0273
108,129,97.5618
108,130,101.0059
108,131,65.4479
108,133,18.4642
108,136,73.7644
108,138,3.2812
108,140,10.8352
108,141,99.6176
108,146,8.5891
108,147,57.0546
108,150,124.5497
108,152,66.2177
108,153,35.8099
108,154,34.8148
108,155,66.2541
108,156,17.8218
108,158,74.8314
108,160,54.0867
108,161,48.3269
108,162,54.0535
108,165,54.4434
108,166,23.6251
108,167,59.2893
108,168,26.2725
109,110,56.512
109,111,119.4834
109,112,71.5474
109,113,52.7655
109,114,10.6516
109,115,80.7572
109,116,2.7599
109,117,26.3497
109,118,89.0122
109,119,9.8642
109,120,18.4591
109,121,90.5759
109,122,85.0038
109,123,126.4373
109,124,66.1975
109,125,33.5394
109,126,104.2993
109,127,46.6503
109,128,80.1993
109,129,92.0319
109,130,73.9742
109,131,90.277
109,132,111.081
109,133,85.1286
109,134,35.1671
109,135,133.3589
109,136,36.1427
109,137,62.3496
109,138,39.6594
109,139,72.6297
109,140,127.8867
109,141,90.7235
109,143,41.2602
109,144,106.8423
109,145,115.6297
109,146,23.7548
109,147,11.5559
109,148,42.0393
109,149,70.4328
109,150,96.1458
109,151,86.401
109,152,72.7498
109,153,111.273
109,154,133.4195
109,155,88.3666
109,156,37.8908
109,157,55.898
109,158,108.4484
109,159,52.1541
109,160,65.4748
109,161,11.7931
109,162,70.8697
109,163,41.9343
109,164,78.6034
109,165,122.0707
109,168,90.065
109,169,94.5251
110,111,12.9056
110,115,1.1257
110,119,97.9867
110,125,133.3356
110,128,45.8317
110,130,70.0271
110,132,52.4918
110,134,82.9341
110,147,41.8648
110,155,30.0106
110,165,35.6058
111,112,55.5237
111,113,61.1913
111,114,14.9118
111,115,79.6236
111,116,66.6376
111,117,35.6562
111,118,27.4219
111,119,72.5
111,120,119.9464
111,121,129.4073
111,122,91.1337
111,123,83.9138
111,124,58.4004
111,125,91.2763
111,126,107.3772
111,127,15.5657
111,128,26.986
111,129,97.1619
111,130,90.3751
111,131,105.8275
111,132,82.7644
111,133,55.5445
111,134,108.5624
111,135,71.2631
111,136,119.0451
111,137,55.3108
111,138,32.4682
111,139,26.8468
111,140,34.5389
111,141,40.8588
111,142,12.7929
111,143,6.5851
111,144,75.0397
111,145,75.2114
111,146,126.9974
111,147,129.6564
111,148,64.0956
111,149,84.8581
111,150,15.4907
111,151,100.3499
111,152,83.924
111,153,11.4937
111,154,90.1615
111,155,106.0751
111,156,97.2756
111,157,74.7369
111,158,49.6875
111,159,61.3574
111,160,65.5182
111,161,10.6385
111,162,47.9341
111,163,15.5101
111,164,30.4125
111,165,97.0082
111,166,87.9205
111,167,30.6382
111,168,103.1249
111,169,97.9711
112,113,36.1901
112,114,27.1613
112,115,55.5558
112,116,19.9049
112,117,20.8197
112,118,71.9054
112,119,23.7662
112,120,127.0219
112,121,86.5582
112,122,18.4249
112,123,105.7625
112,124,64.9875
112,125,61.8769
112,126,101.9605
112,127,38.4412
112,128,71.5167
112,129,39.3238
112,130,62.4678
112,131,38.8748
112,132,72.8119
112,133,53.0422
112,134,65.8124
112,135,71.5395
112,136,83.0232
112,137,123.2453
112,138,71.1026
112,139,125.293
112,140,112.5255
112,141,57.9856
112,142,114.115
112,143,66.1787
112,144,121.8823
112,145,8.0813
112,146,60.2115
112,147,95.1147
112,148,29.3431
112,149,83.0907
112,150,57.5801
112,151,105.9597
112,152,22.6081
112,153,111.5817
112,154,62.1881
112,155,77.0739
112,156,51.5376
112,157,12.4363
112,158,85.5612
112,159,38.0658
112,160,126.3354
112,161,9.7149
112,162,103.8059
112,163,122.6793
112,164,90.0042
112,165,64.3329
112,166,120.0471
112,167,6.1971
112,168,108.9032
112,169,21.419
115,116,99.2215
115,117,21.5352
115,118,46.628
115,119,124.323
115,120,50.3781
115,121,14.4719
115,122,84.0494
115,123,23.5736
115,124,58.1793
115,125,91.2259
115,126,69.9918
115,127,72.1736
115,128,115.9585
115,129,6.397
115,130,6.0768
115,131,127.5918
115,132,91.5877
115,133,81.7239
115,134,68.052
115,135,129.6308
115,136,57.8894
115,137,88.6689
115,138,97.9323
115,139,109.5281
115,140,8.2226
115,141,131.6324
115,142,94.8959
115,143,18.7676
115,144,91.3105
115,145,15.8922
115,146,80.1837
115,147,58.3977
115,148,89.3081
115,149,52.0461
115,150,116.0456
115,151,77.6719
115,152,83.3815
115,153,82.8686
115,154,3.1817
115,155,89.8752
115,156,13.2887
115,157,99.6699
115,158,130.3911
115,159,20.9371
115,160,9.4196
115,161,46.4827
115,162,3.4268
115,163,57.9116
115,164,129.7362
115,165,85.3104
115,166,12.0883
115,167,119.1264
115,168,43.0231
115,169,102.0616
119,122,93.5442
119,123,54.5147
119,126,75.2905
119,127,97.831
119,130,8.8437
119,131,104.611
119,132,47.9984
119,136,4.3449
119,138,108.7099
119,139,133.1746
119,142,115.5406
119,143,57.4315
119,144,77.0925
119,145,39.3369
119,146,87.9289
119,147,80.7888
119,148,75.6748
119,149,5.4717
119,155,76.3782
119,156,11.7492
119,157,128.8829
119,158,48.7951
119,159,38.0363
119,160,93.669
119,161,22.1193
119,162,35.0583
119,163,102.3189
119,164,58.0204
119,165,66.4501
119,166,71.6798
119,168,23.0827
119,169,84.0929
121,122,31.5707
121,123,116.4477
121,124,42.9094
121,125,118.276
121,126,11.5257
121,127,132.0352
121,128,125.8048
121,129,120.4385
121,130,78.5285
121,131,94.4482
121,132,42.8619
121,133,67.1452
121,134,3.8566
121,135,16.5997
121,136,42.5295
121,137,67.1769
121,138,118.327
121,139,56.0848
121,140,87.8878
121,141,6.6067
121,142,89.1514
121,143,66.4391
121,144,61.4844
121,145,80.0416
121,146,7.3391
121,147,79.4236
121,148,14.6872
121,149,98.6217
121,150,25.1845
121,151,20.0726
121,152,109.6643
121,153,48.3026
121,154,64.6527
121,155,99.3056
121,156,5.8435
121,157,10.5388
121,158,60.7728
121,159,7.424
121,160,34.3024
121,161,9.9629
121,162,122.5245
121,163,127.0469
121,164,43.1304
121,165,89.2406
121,166,36.3237
121,167,31.0657
121,168,130.4947
121,169,42.1471
122,123,75.3651
122,124,72.595
122,125,19.6429
122,126,25.3767
122,127,110.4145
122,128,115.8769
122,129,69.2585
122,130,1.3814
122,131,71.2979
122,132,71.5676
122,133,133.7175
122,134,115.1276
122,135,39.6461
122,136,47.3193
122,137,29.3961
122,138,108.03
122,139,25.495
122,140,51.4483
122,141,49.4807
122,142,129.7123
122,143,119.5576
122,144,115.7487
122,145,108.5758
122,146,39.343
122,147,104.7395
122,148,113.7919
122,149,43.7143
122,150,67.5981
122,151,88.3089
122,152,7.2327
122,153,14.4963
122,154,51.6081
122,155,85.9046
122,156,116.631
122,157,84.6673
122,158,106.7765
122,159,114.8157
122,160,75.3532
122,161,120.8931
122,162,119.0699
122,163,108.9813
122,164,10.0218
122,165,88.925
122,166,47.1705
122,167,104.4621
122,168,16.4048
122,169,61.3091
124,125,22.5955
124,126,52.8695
124,127,81.148
124,128,111.2296
124,129,84.274
124,130,113.5388
124,131,93.4895
124,132,45.7649
124,133,18.0941
124,134,26.3785
124,135,95.5793
124,136,51.6268
124,137,56.0733
124,138,41.4519
124,139,46.8103
124,140,126.1726
124,141,82.7015
124,142,46.1243
124,143,78.8077
124,144,11.4828
124,145,56.6671
124,146,11.7508
124,147,59.7972
124,148,82.9039
124,149,49.1066
124,150,67.0476
124,151,26.6015
124,152,68.7361
124,153,45.6797
124,154,90.4467
124,155,17.5588
124,156,49.8654
124,157,55.7254
124,158,31.2173
124,159,131.2845
124,160,46.9959
124,161,8.5764
124,162,9.5978
124,163,125.9836
124,164,93.1114
124,165,1.4839
124,166,120.5219
124,167,29.3453
124,168,123.1387
124,169,85.1479
125,126,75.8597
125,127,43.6579
125,128,85.1639
125,129,89.4333
125,130,19.1541
125,131,88.9348
125,132,2.7697
125,133,85.9953
125,134,53.5933
125,135,93.0447
125,136,56.5545
125,137,131.1719
125,138,97.6628
125,139,24.194
125,140,55.1862
125,141,19.7705
125,142,46.0373
125,143,71.1448
125,144,6.2709
125,145,106.7449
125,146,118.5024
125,147,101.1473
125,148,11.4935
125,149,42.4778
125,150,104.2964
125,151,73.9507
125,152,83.2546
125,153,114.0123
125,154,43.7039
125,155,48.1925
125,156,123.8667
125,157,27.0991
125,158,86.1628
125,159,68.8062
125,160,19.7795
125,161,52.5318
125,162,9.1104
125,163,35.7939
125,164,10.8979
125,166,112.1441
125,167,129.8954
125,169,3.0509
127,137,6.6949
127,139,130.2947
127,140,40.9609
127,142,89.0045
127,147,116.3277
127,150,87.0516
127,151,72.2592
127,152,47.1915
127,154,65.3313
127,155,103.8079
127,156,75.599
127,157,58.7623
127,158,31.4937
127,163,129.3576
127,167,104.8867
127,168,108.5474
128,129,44.1381
128,130,128.587
128,131,106.2157
128,132,94.4672
128,133,118.4508
128,134,91.4695
128,135,97.2477
128,136,45.4445
128,137,94.9616
128,138,126.3678
128,139,85.9136
128,140,46.8859
128,141,101.4468
128,142,68.7239
128,143,65.9947
128,144,90.1476
128,145,50.783
128,146,37.6888
128,147,83.4735
128,148,82.2854
128,149,28.1099
128,150,48.7822
128,151,89.1351
128,152,13.9658
128,153,133.1061
128,154,58.8841
128,155,126.8897
128,156,22.8587
128,157,128.7762
128,158,52.164
128,159,120.473
128,160,88.5092
128,161,58.7462
128,162,27.0325
128,163,13.1643
128,164,43.1746
128,165,115.0449
128,166,76.4218
128,167,47.0521
128,168,117.8908
128,169,95.9411
129,133,8.1455
129,139,52.024
129,143,26.4743
129,144,23.6263
129,145,93.999
129,146,79.9018
129,147,6.7219
129,149,78.6788
129,153,77.4408
129,155,50.4158
129,156,38.396
129,157,18.0927
129,158,13.6489
129,159,65.9939
129,161,30.5835
129,162,107.619
129,165,28.0855
129,169,32.5094
130,131,96.7423
130,132,30.7928
130,136,98.554
130,140,21.9468
130,141,13.1323
130,143,35.0099
130,149,71.9141
130,150,80.8603
130,154,99.4411
130,157,109.5511
130,165,88.0697
130,166,61.2769
130,169,51.0791
132,134,68.6808
132,136,97.9661
132,137,104.9571
132,140,48.9589
132,145,108.6434
132,150,53.1666
132,151,19.3223
132,152,37.3485
132,154,61.8093
132,157,125.9449
132,160,21.4579
133,134,82.4377
133,135,90.818
133,136,101.3266
133,137,90.8395
133,138,132.7153
133,139,92.1894
133,140,29.9717
133,141,2.0983
133,142,65.1916
133,143,89.9955
133,144,39.4119
133,145,65.3113
133,146,133.4342
133,147,112.7515
133,148,86.0774
133,149,76.0213
133,150,115.4798
133,151,107.0372
133,152,93.0058
133,153,48.4333
133,154,38.6801
133,155,39.7529
133,156,27.2264
133,157,57.8605
133,158,115.6662
133,159,20.0612
133,160,37.8518
133,161,14.2779
133,162,90.504
133,163,117.9931
133,164,121.627
133,165,78.4569
133,166,120.0389
133,167,68.1279
133,168,131.6073
133,169,93.7366
135,136,119.5921
135,137,32.556
135,138,109.4414
135,139,78.1895
135,140,41.3637
135,141,38.781
135,142,115.8662
135,143,108.3531
135,144,72.2288
135,145,39.1379
135,146,61.7595
135,147,118.0256
135,148,12.3877
135,149,125.0315
135,150,46.5392
135,151,33.8515
135,152,1.2022
135,153,82.1684
135,154,21.4266
135,155,40.736
135,156,3.0452
135,157,120.904
135,158,20.7059
135,159,33.4449
135,160,95.0289
135,161,92.3809
135,162,32.4934
135,163,107.5681
135,164,76.7795
135,165,28.0056
135,166,67.7759
135,167,48.7738
135,168,60.2141
135,169,8.2414
136,137,116.9031
136,138,99.0377
136,139,49.6409
136,140,116.2691
136,141,69.7036
136,142,21.0914
136,143,44.4453
136,144,100.7237
136,145,18.6115
136,146,95.6135
136,147,24.2898
136,148,90.4335
136,149,68.6816
136,150,86.8439
136,151,6.0896
136,152,2.9675
136,153,117.1948
136,154,67.568
136,155,69.9193
136,156,91.69
136,157,85.7253
136,158,36.2885
136,159,108.9498
136,160,101.9866
136,161,25.974
136,162,119.6857
136,163,128.2177
136,164,113.5361
136,165,43.6891
136,166,92.7004
136,167,77.366
136,168,11.2559
136,169,29.5736
138,139,77.307
138,140,91.8866
138,141,45.1308
138,142,44.7188
138,143,133.2472
138,144,78.0575
138,145,50.0293
138,146,49.3068
138,147,62.1815
138,148,60.9175
138,149,58.035
138,150,130.0175
138,151,65.0429
138,152,46.2567
138,153,66.6647
138,154,121.5374
138,155,93.6661
138,156,56.5988
138,157,42.0936
138,158,54.4796
138,159,14.4919
138,161,41.6048
138,163,100.3047
138,164,33.5459
138,165,15.6157
138,166,49.6997
138,167,126.9389
138,168,91.3677
138,169,104.5248
139,140,99.2564
139,141,126.505
139,142,55.2226
139,143,126.3345
139,144,130.5404
139,145,57.4536
139,146,101.956
139,147,67.1809
139,148,74.7198
139,149,12.1375
139,150,21.7037
139,151,23.5554
139,152,94.6099
139,153,133.1758
139,154,122.9356
139,155,121.6403
139,156,84.7041
139,157,61.13
139,158,111.9524
139,159,91.1069
139,160,52.93
139,161,118.5772
139,162,122.2271
139,163,44.7498
139,164,25.0816
139,165,85.1837
139,166,55.1507
139,167,99.022
139,168,51.1469
139,169,54.3877
142,143,9.4583
142,144,92.0955
142,145,118.6515
142,146,96.5067
142,147,103.2149
142,148,78.0178
142,149,49.0842
142,150,54.4068
142,151,59.5424
142,152,124.5238
142,153,113.8203
142,154,105.6521
142,155,103.5441
142,156,10.1668
142,157,67.3398
142,158,23.3688
142,159,14.9025
142,160,24.0552
142,161,62.8469
142,162,43.5482
142,163,24.9603
142,164,3.8832
142,165,30.4883
142,166,97.5493
142,167,49.1513
142,168,42.3181
142,169,35.8746
143,144,93.6838
143,145,132.0684
143,146,108.5691
143,147,36.2431
143,148,33.7859
143,149,116.8454
143,150,49.2513
143,151,36.7383
143,152,69.2662
143,153,132.3472
143,154,92.9176
143,155,73.8706
143,156,42.0342
143,157,53.3685
143,158,70.6244
143,159,3.3897
143,160,96.8514
143,161,22.1642
143,162,15.0087
143,163,100.4632
143,164,4.6001
143,165,80.8028
143,166,29.4259
143,167,130.4028
143,168,12.5545
143,169,12.7178
144,145,3.1147
144,146,31.2231
144,147,7.7705
144,148,49.2791
144,149,38.8367
144,150,76.1354
144,151,118.9116
144,152,7.4532
144,153,79.3475
144,154,73.0799
144,155,98.2025
144,156,16.6923
144,157,13.4005
144,158,126.5043
144,159,123.3673
144,160,67.8785
144,161,97.6164
144,162,14.5946
144,163,41.7243
144,164,99.8875
144,165,28.392
144,166,122.729
144,167,25.1546
144,168,99.4818
144,169,79.6253
145,153,118.1097
145,163,25.3694
146,148,42.4398
146,156,125.681
146,157,69.9617
146,160,97.4493
146,164,88.4316
147,150,128.5832
147,151,89.9488
147,152,58.881
147,156,36.2699
147,158,104.8783
147,163,56.1149
147,166,79.925
147,167,104.1075
147,169,53.4375
149,150,113.3805
149,151,108.5175
149,152,11.132
149,153,73.2575
149,154,34.6876
149,155,4.0195
149,156,124.9913
149,157,75.0196
149,158,67.8041
149,159,80.203
149,160,7.402
149,161,32.7035
149,162,78.161
149,163,49.496
149,164,2.1141
149,165,2.2678
149,166,66.3249
149,167,128.5428
149,168,120.8451
149,169,45.2352
156,157,20.4363
156,158,73.3752
156,159,73.7693
156,160,96.3877
156,161,68.4049
156,162,126.4797
156,163,104.0749
156,164,123.2589
156,165,112.5109
156,166,107.9327
156,167,119.2682
156,168,114.5919
156,169,126.7618
157,158,102.0143
157,159,100.8938
157,160,63.5938
157,161,46.971
157,162,99.6272
157,163,30.4596
157,164,104.3339
157,165,82.7621
157,166,85.4964
157,167,72.0589
157,168,76.4686
157,169,108.5531
159,160,13.7887
159,161,92.2348
159,162,35.7028
159,163,50.4428
159,164,50.2444
159,165,12.7543
159,166,6.3722
159,167,43.7871
159,168,95.5934
159,169,63.6926
161,162,68.7114
161,163,27.8026
161,164,116.402
161,165,1.1421
161,166,21.2037
161,167,35.3001
161,168,61.3336
161,169,89.2766
162,163,60.2502
162,164,130.6234
162,165,44.1116
162,166,41.8193
162,167,119.501
162,168,27.0139
162,169,4.8755
166,168,118.0859
166,169,115.58
167,168,125.0249
167,169,58.1461
