row,col,weight
0,1,16.6245
0,3,89.3031
0,4,48.4798
0,6,93.1117
0,7,84.9752
0,8,91.38
0,9,92.6441
0,11,48.5195
0,13,37.0495
0,14,33.196
0,15,29.285
0,18,25.1838
0,21,93.9076
0,22,51.7367
0,23,25.4803
0,24,43.8195
0,26,76.5062
0,28,36.7985
0,30,36.1733
0,32,37.7731
0,35,84.0521
0,37,28.7416
0,40,1.4054
0,42,73.902
0,43,8.2886
0,44,4.5104
0,49,82.5725
0,51,65.3023
0,52,10.9066
0,53,21.5322
0,55,43.1187
0,57,23.6926
0,58,32.8648
0,60,56.4824
0,62,30.8959
0,63,37.0591
0,64,92.1635
0,65,82.9274
0,66,5.9652
0,67,68.8436
0,69,93.0644
0,70,40.7077
0,71,55.1052
0,72,47.5047
0,75,84.5086
0,78,52.8678
0,80,62.6193
0,81,25.2555
0,82,3.4388
0,87,31.3213
0,89,37.3315
0,93,15.8603
0,94,86.153
0,95,3.7553
0,96,92.4909
0,99,86.7037
0,100,15.1739
0,102,44.0944
0,109,50.7196
0,114,63.7539
0,119,15.6138
0,121,83.4717
0,123,8.1858
0,124,89.2511
0,126,33.7657
0,127,38.0707
0,128,85.0843
0,130,8.1936
0,131,14.1979
0,132,36.7833
0,133,38.4154
0,135,7.3937
0,136,6.1263
0,137,64.9741
0,138,64.5751
0,140,84.0775
0,142,77.792
0,143,36.1694
0,144,52.4819
0,147,62.6096
0,148,29.5036
0,149,48.7982
0,150,38.5256
0,151,85.8768
0,154,35.4243
0,155,59.4668
0,157,5.063
0,158,41.2967
0,160,85.0529
0,162,62.3932
0,164,20.3449
0,165,85.5589
0,170,52.4985
0,171,76.8419
0,173,1.3619
0,174,50.7049
0,175,20.9049
0,176,87.6924
0,177,58.8403
0,178,73.1935
0,179,92.8506
1,2,5.1723
1,4,77.278
1,6,31.2163
1,7,42.9258
1,8,18.6977
1,9,72.3003
1,10,83.8488
1,12,18.2373
1,16,18.7409
1,17,42.6614
1,18,59.9053
1,21,11.3252
1,24,65.6646
1,25,70.5354
1,27,45.4469
1,31,75.0902
1,32,30.1868
1,33,85.1664
1,34,8.0751
1,36,50.3784
1,38,57.6667
1,39,57.7886
1,42,63.8806
1,45,62.6632
1,48,49.5968
1,49,3.3179
1,50,38.426
1,54,74.3125
1,56,9.9249
1,58,67.3736
1,59,51.5364
1,65,93.1215
1,68,29.2318
1,69,32.5831
1,70,63.1416
1,71,64.7658
1,72,54.2471
1,73,75.4931
1,74,32.3876
1,75,45.2913
1,77,43.6218
1,78,30.3947
1,79,58.5235
1,81,82.7467
1,82,14.4299
1,83,82.1408
1,84,27.9935
1,85,37.2969
1,86,45.6635
1,87,19.3337
1,90,74.845
1,91,37.4655
1,93,45.0516
1,94,80.9907
1,95,87.3308
1,96,64.21
1,97,4.292
1,99,16.2303
1,100,61.9355
1,101,2.4742
1,104,20.4436
1,105,55.4282
1,106,41.7364
1,108,36.2846
1,110,79.2509
1,113,73.5298
1,115,45.1146
1,117,74.157
1,118,58.6471
1,120,56.6045
1,121,40.4227
1,123,27.1679
1,125,16.9032
1,126,52.3381
1,128,22.7776
1,129,90.0478
1,130,74.7572
1,131,1.9584
1,132,72.7759
1,136,93.1703
1,138,77.6918
1,141,62.6028
1,143,49.2341
1,144,66.449
1,145,11.0219
1,155,17.6031
1,157,62.3456
1,158,76.4443
1,162,12.6356
1,165,14.456
1,167,46.4319
1,168,19.5181
1,169,51.9063
1,171,34.0392
1,172,11.9677
1,173,23.7617
1,176,51.1937
1,177,41.1016
1,179,62.3869
2,6,92.1433
2,7,40.0839
2,9,46.0528
2,13,55.0878
2,25,60.1507
2,29,11.9206
2,30,80.6632
2,31,72.689
2,33,81.2489
2,34,89.2772
2,35,31.2253
2,41,44.3668
2,48,57.4282
2,52,9.8537
2,62,70.785
2,66,83.3637
2,84,25.7301
2,105,73.5697
2,109,23.5068
2,112,69.431
2,118,46.0712
2,125,67.72
2,128,31.0808
2,133,23.9263
2,134,2.0475
2,136,8.8867
2,137,56.4843
2,139,55.8205
2,148,36.5162
2,155,28.6525
2,162,27.9825
2,166,70.9129
2,168,11.9017
2,172,58.0038
2,175,6.0934
2,176,71.9796
3,4,48.1755
3,9,62.2766
3,12,34.1938
3,14,34.883
3,31,52.6058
3,32,30.7489
3,49,34.9482
3,57,11.2062
3,58,19.0567
3,59,92.2836
3,65,32.2385
3,67,78.181
3,78,88.0326
3,84,51.7572
3,87,14.7201
3,92,65.7911
3,94,13.3932
3,97,30.2814
3,115,34.902
3,116,50.4099
3,121,27.687
3,125,3.4816
3,129,11.5056
3,147,24.4585
3,149,46.8403
3,156,85.9265
3,165,2.3981
3,170,75.3347
3,179,57.9803
4,8,41.4124
4,9,44.4191
4,12,9.0371
4,13,92.8106
4,16,89.3359
4,17,66.7166
4,18,20.7529
4,19,18.5224
4,20,24.8475
4,23,63.1316
4,24,70.2975
4,25,80.8038
4,26,69.779
4,28,80.9012
4,29,62.2607
4,30,75.7108
4,32,21.0556
4,34,4.605
4,35,87.99
4,37,92.803
4,38,80.464
4,39,13.8592
4,40,46.3227
4,41,44.5579
4,42,51.6375
4,43,4.4315
4,44,51.5296
4,46,58.8936
4,48,64.8725
4,49,81.3399
4,50,23.8244
4,52,36.3436
4,53,32.213
4,54,9.2069
4,57,72.0377
4,58,66.1944
4,60,56.0004
4,62,83.4279
4,63,62.2726
4,64,39.546
4,65,7.776
4,66,67.6395
4,67,82.681
4,68,53.038
4,72,1.1614
4,75,19.9065
4,77,77.9769
4,78,59.972
4,80,56.7745
4,82,18.9033
4,84,65.4561
4,85,23.4059
4,86,15.617
4,87,88.376
4,88,55.9169
4,89,29.3153
4,90,15.9122
4,91,24.512
4,93,37.7315
4,96,45.1489
4,97,40.5661
4,98,8.1312
4,100,58.3161
4,103,6.9147
4,104,35.6771
4,105,59.3944
4,110,91.3302
4,111,18.5659
4,112,79.7191
4,114,11.5149
4,115,52.4461
4,116,16.6777
4,117,30.7248
4,118,29.799
4,119,88.8212
4,120,52.3098
4,122,70.3132
4,123,45.1104
4,125,80.9578
4,126,53.8505
4,128,51.4036
4,130,39.4368
4,132,2.287
4,133,26.8061
4,134,3.008
4,136,71.4991
4,137,32.1387
4,138,89.5822
4,140,78.0595
4,141,44.9178
4,142,21.3752
4,143,44.6057
4,145,93.6733
4,148,1.9303
4,149,53.5616
4,150,78.6836
4,151,8.4578
4,153,65.2977
4,154,78.3708
4,155,56.5893
4,156,61.0327
4,158,73.4542
4,159,65.6123
4,161,12.6241
4,162,30.9506
4,164,35.9464
4,165,13.9409
4,166,39.4493
4,169,14.2341
4,170,33.905
4,172,43.6568
4,174,68.4831
4,175,49.1013
4,176,12.5052
4,177,78.3609
4,178,11.5797
4,179,42.4692
5,16,37.1722
5,28,5.9421
5,29,12.6737
5,43,39.67
5,48,34.6626
5,76,4.9041
5,83,79.3182
5,93,61.2143
5,105,59.6673
5,111,43.8263
5,113,67.196
6,7,31.2369
6,8,69.1909
6,15,74.514
6,25,31.9066
6,30,49.1258
6,32,49.2796
6,35,32.7595
6,37,15.165
6,41,32.9696
6,43,31.6619
6,49,80.1209
6,50,56.3434
6,53,7.9167
6,59,63.0604
6,66,59.2476
6,68,64.3011
6,70,62.921
6,73,77.578
6,74,54.5302
6,79,79.5674
6,81,12.4618
6,82,12.318
6,85,22.8071
6,86,12.7913
6,88,71.0297
6,90,89.683
6,92,56.9822
6,97,26.1638
6,99,13.3872
6,102,83.6329
6,104,18.3462
6,110,29.2545
6,117,42.4393
6,123,70.1904
6,127,60.4672
6,128,34.1295
6,133,88.5806
6,138,85.2902
6,141,60.1918
6,147,39.2153
6,152,40.1444
6,160,66.9585
6,161,13.0933
6,168,30.266
6,170,71.3984
6,174,91.6328
7,16,4.008
7,20,49.7558
7,30,79.4599
7,33,44.7743
7,38,36.1354
7,42,1.1385
7,44,45.7632
7,46,66.7411
7,49,46.3804
7,52,2.544
7,53,81.2898
7,67,41.3379
7,73,58.4476
7,74,38.4487
7,80,34.448
7,94,44.8288
7,107,63.819
7,115,29.448
7,126,9.6118
7,140,2.0628
7,143,20.2293
7,159,4.6779
7,165,21.1416
7,171,46.2588
8,11,82.9484
8,13,58.9635
8,14,47.1158
8,15,57.7178
8,16,60.4998
8,19,91.2333
8,20,35.3849
8,22,6.1758
8,24,23.5401
8,26,28.2477
8,27,10.8743
8,30,37.89
8,36,87.695
8,37,6.5357
8,39,74.9512
8,41,54.9652
8,42,93.2824
8,45,74.8737
8,47,58.2133
8,50,77.3821
8,51,74.2347
8,52,76.1311
8,53,25.2808
8,55,86.537
8,57,3.3448
8,58,34.4982
8,59,16.232
8,61,91.3387
8,62,55.9981
8,63,20.9243
8,64,32.8756
8,65,39.2211
8,67,26.9624
8,70,78.16
8,72,24.281
8,73,46.5269
8,75,42.2232
8,77,48.7791
8,78,51.4919
8,79,76.4047
8,82,29.261
8,83,58.5229
8,85,57.2612
8,87,39.5578
8,89,21.6957
8,91,73.2786
8,92,52.8776
8,93,33.2415
8,95,66.1818
8,96,43.987
8,97,48.5277
8,98,61.0257
8,99,86.9334
8,100,35.0357
8,101,68.7309
8,102,66.1905
8,103,4.7256
8,106,12.1333
8,107,56.3987
8,109,10.1529
8,110,31.697
8,112,64.877
8,118,93.4179
8,119,55.8169
8,120,88.7107
8,123,56.2752
8,127,80.662
8,129,60.7187
8,130,24.9084
8,131,6.7644
8,132,83.599
8,133,72.5186
8,136,81.9156
8,140,34.8735
8,141,8.9433
8,144,63.5015
8,146,35.3856
8,147,77.455
8,148,87.4525
8,150,65.9572
8,151,50.7099
8,152,13.7994
8,154,9.32
8,155,43.182
8,157,51.4697
8,159,86.1858
8,164,20.796
8,165,45.8865
8,167,43.137
8,168,48.3228
8,172,19.519
8,173,77.6926
8,177,69.8743
9,13,58.5426
9,14,90.4677
9,15,58.6355
9,16,9.6973
9,17,92.5141
9,18,87.8655
9,21,58.5223
9,22,15.4407
9,23,50.5547
9,25,25.2804
9,26,2.024
9,27,10.2555
9,29,38.4701
9,32,8.3032
9,35,33.6628
9,36,24.8495
9,37,39.4965
9,38,43.435
9,39,9.8854
9,41,31.8597
9,42,22.9299
9,43,39.5198
9,44,4.2529
9,46,20.3697
9,47,57.6459
9,48,76.3577
9,50,39.3683
9,52,69.0371
9,53,74.0751
9,54,46.7207
9,56,89.1843
9,57,54.9833
9,58,13.8609
9,59,30.7916
9,61,67.6799
9,62,39.7802
9,63,91.1535
9,64,11.1993
9,65,60.2563
9,66,76.7928
9,69,45.2653
9,72,90.7925
9,75,40.6071
9,76,17.9911
9,77,7.1857
9,78,62.6167
9,79,64.6962
9,83,72.6942
9,84,15.0043
9,85,46.834
9,86,20.1135
9,87,19.3092
9,88,73.8429
9,90,85.469
9,92,29.798
9,95,1.4682
9,97,61.5977
9,101,1.0087
9,102,70.489
9,104,35.9353
9,106,70.3492
9,107,57.5741
9,108,44.9134
9,109,27.9604
9,110,61.3991
9,111,18.9076
9,115,74.8102
9,116,86.3177
9,117,24.7547
9,118,12.2509
9,119,16.3039
9,120,4.8371
9,121,28.053
9,123,15.3532
9,124,36.7667
9,127,67.6628
9,128,82.3383
9,130,25.3768
9,131,60.1846
9,132,50.4049
9,134,53.2644
9,135,91.8877
9,136,39.8681
9,137,7.4602
9,139,61.5185
9,141,40.0108
9,142,81.2605
9,143,49.9856
9,144,12.9269
9,147,70.6041
9,148,18.0316
9,149,47.3726
9,150,87.847
9,151,78.8581
9,152,54.7539
9,153,10.5839
9,154,26.9846
9,155,56.5206
9,156,54.2531
9,157,46.3086
9,158,42.615
9,159,1.9761
9,162,25.8627
9,165,35.8189
9,166,77.5871
9,167,51.7731
9,169,15.2539
9,170,22.3257
9,173,91.6684
9,175,45.5596
9,176,93.3175
9,177,4.4855
9,179,2.3616
10,21,63.9197
10,39,93.0194
10,68,16.9813
10,71,73.2513
10,136,57.2401
10,172,69.0316
11,13,86.4005
11,14,91.7778
11,15,61.4602
11,16,77.0168
11,18,44.7987
11,19,73.4724
11,22,57.6202
11,23,14.5197
11,24,16.5456
11,25,67.4555
11,27,25.6021
11,29,57.9502
11,30,50.9857
11,35,93.7446
11,36,67.1248
11,37,15.6643
11,38,16.9078
11,39,73.4739
11,43,87.368
11,45,65.9658
11,46,56.9604
11,48,26.8031
11,49,72.1143
11,50,85.4945
11,51,11.3644
11,52,67.9116
11,56,31.6481
11,60,76.1273
11,61,32.9248
11,62,22.3541
11,64,8.0309
11,66,21.6036
11,67,24.4632
11,68,73.5597
11,70,54.8756
11,71,83.0042
11,72,38.1363
11,74,71.4038
11,75,79.5535
11,76,38.3646
11,77,62.8556
11,81,85.4864
11,83,57.3525
11,84,75.126
11,85,4.9105
11,86,55.6772
11,89,66.4878
11,90,72.2786
11,92,51.9811
11,93,64.9884
11,94,34.3081
11,97,53.516
11,100,16.1041
11,101,69.3438
11,102,32.6665
11,103,4.0091
11,106,90.9806
11,114,42.9774
11,115,82.2267
11,118,36.6895
11,121,55.1323
11,123,20.2722
11,124,3.7543
11,125,20.8548
11,126,79.0224
11,128,81.4637
11,129,65.5927
11,130,3.5215
11,132,39.0001
11,133,35.3276
11,136,7.3371
11,139,71.9549
11,140,86.9845
11,141,53.1917
11,142,35.8301
11,146,14.9262
11,148,9.2023
11,149,44.3567
11,150,72.7366
11,152,8.9506
11,153,47.0883
11,155,84.5528
11,156,68.5329
11,158,63.3395
11,161,89.4901
11,162,59.1798
11,163,64.5652
11,165,26.2647
11,169,3.7032
11,170,86.6086
11,173,80.9826
11,178,88.1692
11,179,88.3452
12,13,9.423
12,14,53.7111
12,16,13.6043
12,17,29.7797
12,18,81.323
12,20,23.4229
12,21,22.4483
12,25,73.0656
12,29,69.5167
12,30,83.1841
12,31,12.1992
12,32,8.5938
12,33,5.9239
12,34,14.3648
12,35,10.7293
12,36,28.6774
12,37,83.2726
12,38,73.0708
12,39,31.5483
12,40,8.2987
12,42,87.1719
12,43,39.0474
12,44,59.6534
12,47,56.9478
12,48,92.0612
12,51,75.8166
12,53,32.7554
12,54,46.9938
12,55,84.9512
12,56,28.4548
12,57,20.6523
12,58,86.4675
12,61,66.5748
12,64,36.2944
12,65,18.8218
12,67,81.2797
12,69,36.2938
12,70,71.392
12,71,51.9086
12,72,9.9822
12,73,73.5011
12,74,67.498
12,75,65.6951
12,77,35.3691
12,78,1.5889
12,79,77.7453
12,82,88.6725
12,83,49.3318
12,86,63.3943
12,87,22.8253
12,88,78.0141
12,89,26.6939
12,91,70.2657
12,92,88.4592
12,93,35.5858
12,94,76.032
12,95,81.885
12,96,56.531
12,97,54.3443
12,98,56.0349
12,99,48.1073
12,100,37.6366
12,101,27.8254
12,103,77.4155
12,104,84.9876
12,105,66.8695
12,106,67.5893
12,108,2.9641
12,110,88.7482
12,112,48.4047
12,113,63.5765
12,114,65.2544
12,115,56.6026
12,116,28.9915
12,117,55.0218
12,120,83.5942
12,122,46.7466
12,123,86.7399
12,125,19.2799
12,126,55.5289
12,127,59.9511
12,128,65.3791
12,129,5.8091
12,131,31.7027
12,133,18.3718
12,135,23.5652
12,136,23.519
12,137,78.3771
12,138,48.4671
12,139,73.5204
12,141,10.2086
12,142,34.2276
12,144,71.4563
12,147,78.6281
12,154,77.8883
12,155,82.7169
12,156,92.8582
12,158,76.599
12,160,44.4265
12,161,30.3454
12,162,62.784
12,163,65.2259
12,165,85.2404
12,167,38.0238
12,168,35.7851
12,169,82.4422
12,170,68.119
12,171,63.0552
12,172,30.3215
12,173,19.5881
12,174,24.5449
12,175,62.0941
12,176,4.1492
12,177,63.9466
12,178,31.4613
12,179,53.5437
13,18,43.432
13,26,6.3774
13,36,86.0787
13,39,13.3382
13,42,23.6427
13,43,68.9748
13,48,55.4099
13,49,58.3956
13,50,55.0215
13,53,2.6454
13,56,50.3226
13,67,46.5029
13,79,72.0057
13,83,33.3756
13,85,78.4123
13,87,88.1644
13,91,73.3193
13,95,42.1972
13,106,40.5601
13,109,77.2375
13,110,80.5122
13,113,12.6083
13,118,70.2364
13,126,6.3232
13,128,56.2261
13,132,18.2433
13,133,68.4938
13,135,41.1197
13,150,70.2722
13,153,87.7413
13,154,23.6213
13,157,84.1296
13,159,7.1453
13,160,45.2968
13,163,60.8789
13,164,56.5368
13,167,22.943
13,168,32.9824
13,170,3.2034
13,173,35.7536
13,176,92.4555
13,178,73.2327
14,16,79.7093
14,19,31.5748
14,21,41.4568
14,22,53.5556
14,23,57.8697
14,26,92.4532
14,28,56.0354
14,29,85.1243
14,31,73.1011
14,33,43.4249
14,34,32.5524
14,37,51.6968
14,38,75.4512
14,39,19.2489
14,40,87.7329
14,41,93.1646
14,42,51.5835
14,43,28.1714
14,44,59.4905
14,46,17.5252
14,48,64.8481
14,49,93.0148
14,50,14.4897
14,51,19.4759
14,53,55.4705
14,56,66.0361
14,58,63.1799
14,59,35.7683
14,60,4.2471
14,61,30.7933
14,62,6.938
14,63,11.3456
14,64,55.382
14,65,82.9388
14,66,64.219
14,67,18.4148
14,68,65.7079
14,69,61.4571
14,70,54.4951
14,71,47.8485
14,72,49.1025
14,73,66.507
14,75,57.0983
14,76,20.9663
14,79,26.8474
14,80,13.7126
14,82,27.5487
14,83,6.1902
14,85,85.689
14,86,55.7647
14,87,71.1038
14,88,64.2572
14,89,54.1064
14,90,52.6589
14,91,88.57
14,92,24.1875
14,93,26.2095
14,94,72.7701
14,95,13.7182
14,96,71.1379
14,97,85.8481
14,98,67.4164
14,99,71.9063
14,101,77.1133
14,102,6.4809
14,103,59.3925
14,104,64.2075
14,105,51.0826
14,107,21.6942
14,108,44.2808
14,109,80.1591
14,110,89.3037
14,111,71.5415
14,112,13.1298
14,113,32.0093
14,114,57.0672
14,115,24.0974
14,116,8.2655
14,117,12.8829
14,118,88.1445
14,119,77.1953
14,120,17.9784
14,121,52.5097
14,123,87.7468
14,125,45.9775
14,128,72.432
14,129,7.8302
14,130,27.7034
14,131,32.5351
14,132,37.0469
14,133,93.6561
14,134,54.4784
14,135,28.8881
14,136,48.1865
14,137,1.9951
14,138,82.7686
14,139,7.9393
14,140,87.3829
14,142,58.4665
14,143,27.2401
14,144,77.65
14,146,70.3854
14,148,84.0941
14,149,52.4236
14,150,87.2002
14,155,52.0076
14,156,34.5119
14,157,69.1064
14,158,66.3789
14,159,66.7071
14,160,57.6277
14,162,59.3709
14,164,79.1665
14,165,55.8865
14,166,44.8876
14,167,71.087
14,170,74.8812
14,171,48.1186
14,176,41.2188
14,178,9.8773
14,179,13.2379
15,18,84.3128
15,19,51.9443
15,22,86.1223
15,24,48.9111
15,27,25.1707
15,28,61.3493
15,31,14.0915
15,32,38.7672
15,37,73.8689
15,43,62.9143
15,47,12.3723
15,49,80.9139
15,53,4.0552
15,62,82.6321
15,69,75.8173
15,71,12.8713
15,73,21.8813
15,77,77.5114
15,78,58.0577
15,80,22.2907
15,81,55.3135
15,82,24.9952
15,84,45.0205
15,86,85.5549
15,87,23.8914
15,88,54.3703
15,90,41.742
15,91,84.3945
15,93,58.0035
15,97,91.9278
15,98,22.9496
15,99,92.8121
15,100,52.2279
15,101,8.9306
15,103,73.1488
15,105,36.5983
15,106,15.636
15,122,21.1205
15,125,60.9368
15,127,70.3339
15,128,35.8181
15,134,54.1161
15,135,79.0712
15,137,9.6962
15,139,81.8588
15,141,54.8709
15,146,6.0917
15,150,44.4009
15,157,12.92
15,159,25.0483
15,163,22.8797
15,164,67.5482
15,169,60.0588
15,171,54.3281
15,177,4.833
15,178,43.8567
16,22,86.3559
16,27,88.7753
16,28,89.1939
16,35,20.7319
16,55,4.9229
16,58,47.5096
16,59,78.7687
16,63,4.947
16,65,71.2013
16,71,62.8661
16,76,31.5519
16,78,38.9049
16,81,74.9289
16,83,47.4692
16,84,47.5209
16,88,6.6836
16,95,51.0032
16,98,34.5764
16,99,76.0457
16,102,72.4797
16,111,15.8924
16,112,41.4325
16,122,68.3098
16,136,83.2193
16,146,91.1951
16,159,84.7966
16,165,10.4786
16,167,20.1408
16,176,64.6953
17,24,86.0486
17,33,15.8002
17,113,75.7505
18,19,14.4867
18,20,86.7176
18,21,91.8574
18,22,26.4797
18,25,35.9837
18,26,73.9013
18,27,47.645
18,28,58.0173
18,32,12.4951
18,33,68.3281
18,34,31.3424
18,35,88.132
18,36,57.849
18,37,33.0256
18,39,28.5061
18,41,36.7212
18,42,60.3647
18,43,22.5915
18,44,70.0675
18,46,49.6303
18,47,18.0672
18,48,27.9888
18,49,41.6301
18,51,82.919
18,52,85.9748
18,53,43.5859
18,55,3.4255
18,56,19.6223
18,57,20.606
18,59,44.0645
18,60,3.5635
18,61,38.3229
18,62,6.382
18,63,87.5915
18,64,78.1156
18,68,90.3518
18,69,86.983
18,70,49.9742
18,72,52.8801
18,74,53.5475
18,76,67.3367
18,78,22.9065
18,79,5.7602
18,80,10.6992
18,82,91.3521
18,83,58.0949
18,86,89.3671
18,88,74.0047
18,91,46.9841
18,93,7.8025
18,95,49.0277
18,96,21.9616
18,97,88.6228
18,99,21.4457
18,100,72.8661
18,101,72.2212
18,102,14.204
18,103,32.0407
18,104,29.8932
18,105,22.2469
18,106,92.4449
18,107,9.4095
18,108,81.4929
18,109,49.589
18,110,80.2818
18,111,65.9659
18,113,30.3999
18,114,92.3417
18,115,19.9067
18,116,60.9814
18,117,27.6102
18,118,40.1502
18,120,40.1642
18,123,13.0087
18,125,64.1926
18,128,82.2795
18,130,47.3166
18,131,86.4094
18,132,40.0475
18,134,9.3332
18,136,88.5985
18,138,35.5262
18,139,54.4043
18,140,70.7229
18,141,51.8818
18,143,79.7297
18,144,91.3757
18,145,17.2488
18,147,16.9929
18,149,44.7058
18,153,92.3444
18,154,50.9587
18,155,44.1908
18,157,40.9766
18,158,82.1423
18,159,39.556
18,162,92.1849
18,164,7.5962
18,165,66.7493
18,166,13.0733
18,167,69.3241
18,168,92.1733
18,170,82.432
18,171,84.2857
18,172,22.4069
18,173,90.3473
18,174,74.996
18,175,93.1029
18,176,87.4757
18,177,1.3198
18,178,30.5734
18,179,74.0841
19,21,77.9675
19,22,89.2213
19,23,91.2739
19,26,43.1333
19,31,8.201
19,33,20.003
19,34,18.8865
19,38,76.6028
19,40,68.0281
19,41,53.5679
19,42,48.6986
19,43,17.513
19,44,42.7229
19,45,91.2911
19,46,29.4026
19,48,45.4598
19,51,83.7071
19,52,63.6254
19,53,57.3744
19,54,32.7662
19,56,55.3673
19,57,82.7795
19,58,60.8366
19,59,39.9996
19,60,29.2302
19,61,73.4646
19,62,50.4931
19,63,5.4405
19,64,22.5292
19,65,51.5601
19,66,26.6171
19,71,26.1938
19,72,63.7767
19,73,27.2326
19,74,71.6976
19,76,40.8586
19,77,81.8571
19,78,44.3063
19,81,55.3941
19,82,68.0613
19,83,84.7952
19,85,52.7812
19,86,93.9689
19,91,67.732
19,94,73.45
19,95,34.7518
19,96,63.3895
19,97,78.8453
19,98,47.255
19,100,89.7049
19,101,59.5193
19,102,31.5484
19,104,73.706
19,105,75.3707
19,106,27.8814
19,108,70.9186
19,110,92.547
19,111,51.7032
19,114,45.5262
19,116,4.6313
19,117,26.829
19,122,14.1354
19,123,59.7934
19,128,62.9103
19,129,83.9094
19,130,49.7936
19,132,49.8449
19,134,15.3037
19,135,44.3482
19,137,71.2725
19,138,34.895
19,139,29.0845
19,140,22.842
19,141,79.9629
19,142,29.9752
19,143,2.9705
19,144,41.7918
19,146,44.5914
19,147,18.2018
19,149,53.3464
19,150,49.515
19,155,90.6261
19,160,40.9829
19,162,9.6485
19,163,89.4545
19,166,22.6255
19,167,67.7619
19,170,16.2025
19,173,45.6195
19,174,79.3386
19,175,58.1506
19,177,18.3221
19,178,38.1396
19,179,1.2612
20,21,40.3167
20,23,35.0509
20,24,41.7833
20,28,74.5685
20,31,64.8001
20,34,9.2829
20,36,47.4841
20,37,59.4069
20,38,40.2824
20,39,2.8519
20,40,65.3052
20,42,66.1403
20,43,56.8966
20,46,76.8919
20,49,72.8855
20,50,3.8772
20,53,50.9357
20,55,57.9037
20,56,43.4546
20,57,50.125
20,58,68.1118
20,60,10.2289
20,61,52.2841
20,62,12.031
20,63,7.5042
20,66,29.0499
20,70,72.9542
20,72,15.7673
20,73,41.332
20,74,31.3646
20,77,13.7716
20,79,19.3849
20,80,77.9065
20,81,41.1288
20,83,42.8152
20,85,11.3889
20,88,83.7285
20,89,28.0565
20,91,65.944
20,93,60.9287
20,95,3.334
20,97,70.8968
20,98,35.6604
20,99,64.9884
20,100,45.5699
20,101,31.1862
20,103,54.2172
20,105,84.868
20,106,42.3762
20,107,2.8089
20,109,31.2486
20,110,33.018
20,112,72.2986
20,114,64.4199
20,115,81.7905
20,117,19.886
20,118,68.4454
20,119,57.1517
20,120,15.8257
20,122,19.8814
20,123,4.1878
20,124,49.8804
20,125,57.4662
20,127,17.5712
20,128,28.0538
20,129,67.8979
20,131,86.3265
20,132,27.1658
20,133,69.7035
20,134,85.1571
20,135,15.0861
20,138,19.529
20,143,5.0081
20,144,24.7219
20,145,8.5077
20,147,65.2469
20,148,58.8244
20,149,72.5721
20,150,90.7112
20,151,23.1867
20,153,6.3084
20,154,29.8598
20,157,31.8119
20,158,4.5613
20,159,19.5828
20,160,33.7188
20,163,56.9884
20,164,53.771
20,166,83.7171
20,169,1.7627
20,170,3.5178
20,171,76.7814
20,172,21.0378
20,175,77.1167
20,177,34.5301
20,179,52.6356
21,22,14.6725
21,29,13.3395
21,34,62.3258
21,35,50.3547
21,39,55.8467
21,40,60.8846
21,44,21.9903
21,47,15.2534
21,50,74.8141
21,56,59.5366
21,59,43.0715
21,69,6.2078
21,84,47.5732
21,86,53.2702
21,93,36.2428
21,95,88.6767
21,97,13.4314
21,100,34.4191
21,106,92.8081
21,111,61.1448
21,116,29.7909
21,121,66.9115
21,122,66.5947
21,131,22.6456
21,134,66.5775
21,135,39.0283
21,152,90.8437
21,154,30.7137
21,158,75.507
21,159,46.6827
21,176,75.9491
22,27,27.4771
22,28,86.0956
22,35,81.2053
22,36,25.3186
22,39,19.9458
22,41,43.4161
22,48,37.4879
22,52,56.2833
22,55,14.0218
22,56,59.7244
22,57,70.5396
22,59,57.8121
22,61,62.94
22,62,68.1864
22,71,77.4353
22,72,67.3213
22,79,6.5869
22,87,76.2863
22,92,22.0746
22,93,41.3214
22,97,22.9653
22,98,90.6456
22,99,66.3285
22,101,54.0655
22,107,71.7313
22,108,89.1802
22,112,42.6349
22,115,93.7704
22,117,73.9983
22,120,35.1726
22,131,58.3141
22,134,6.1211
22,135,12.2976
22,138,72.6998
22,140,89.3153
22,141,29.364
22,142,88.872
22,143,85.9713
22,147,82.5416
22,149,56.1231
22,158,12.5226
22,159,74.4662
22,162,34.4352
22,166,80.0383
22,167,49.9657
22,169,38.3174
22,175,76.0845
22,176,77.5847
22,177,78.5594
23,24,64.2899
23,25,84.8044
23,26,47.6096
23,27,53.0095
23,28,56.8111
23,29,76.6545
23,30,41.6843
23,31,54.1821
23,32,4.7859
23,33,40.202
23,35,65.8588
23,36,7.6441
23,37,75.3999
23,38,45.8276
23,39,32.8222
23,40,84.198
23,41,5.4743
23,44,70.3454
23,45,34.7277
23,46,42.5779
23,47,24.0052
23,48,56.8493
23,49,12.6597
23,50,43.6326
23,51,28.5765
23,54,16.742
23,55,5.6259
23,56,66.8572
23,57,24.8007
23,59,7.762
23,60,14.0424
23,61,54.1236
23,62,71.0344
23,63,13.4802
23,64,71.8847
23,65,82.1147
23,66,39.9504
23,67,70.2617
23,68,42.4627
23,69,91.5006
23,70,31.6991
23,72,33.7124
23,73,49.4405
23,74,55.1099
23,75,93.8801
23,76,8.0688
23,77,55.1771
23,80,3.4798
23,82,67.4791
23,83,68.4014
23,86,13.377
23,88,68.0879
23,89,15.2713
23,90,60.0833
23,91,59.9158
23,93,48.2698
23,94,74.5044
23,95,17.6858
23,96,12.6701
23,97,28.8278
23,98,90.2721
23,99,74.2084
23,100,48.2577
23,101,72.7228
23,102,40.1687
23,103,89.0296
23,104,52.0363
23,106,77.2017
23,107,28.6058
23,108,39.6672
23,109,10.8673
23,110,61.9561
23,111,11.9745
23,112,3.0655
23,115,45.5424
23,117,65.0466
23,118,36.2487
23,119,14.4651
23,120,19.7001
23,122,46.4699
23,124,79.0962
23,125,68.2491
23,126,43.0916
23,127,63.822
23,128,22.4489
23,129,18.826
23,130,64.9572
23,131,52.8041
23,132,80.3278
23,133,83.4625
23,134,16.0443
23,136,85.9696
23,137,53.6297
23,138,1.6596
23,139,86.1336
23,140,78.0653
23,141,86.1363
23,142,43.8215
23,143,27.2285
23,144,20.4433
23,145,9.9158
23,146,89.9188
23,148,43.5611
23,150,59.0816
23,151,88.0155
23,152,88.8282
23,153,19.4647
23,154,88.7589
23,155,67.6255
23,156,40.5457
23,157,42.5865
23,158,49.2452
23,159,91.4225
23,161,83.4991
23,162,90.9863
23,164,53.0809
23,165,32.2092
23,166,64.8305
23,167,55.2919
23,168,21.4752
23,169,8.9204
23,170,20.7249
23,172,45.1705
23,173,50.36
23,174,87.1049
23,175,63.1434
23,176,7.48
23,177,70.3922
23,178,62.8904
24,35,25.6415
24,37,9.2132
24,44,74.1855
24,60,71.7734
24,61,84.9819
24,65,40.6873
24,69,68.92
24,78,90.9015
24,81,91.9854
24,94,68.8914
24,100,11.5367
24,109,27.3104
24,110,65.9055
24,111,93.934
24,115,7.5253
24,122,28.2326
24,129,22.6724
24,133,46.3312
24,140,71.0072
24,144,65.8012
24,145,3.6678
24,146,86.6631
24,149,23.1258
24,153,29.0913
24,154,32.5574
24,162,86.2155
24,165,61.6348
24,168,36.9585
25,27,33.61
25,31,62.5674
25,47,17.2533
25,48,91.6913
25,55,53.0661
25,56,15.8941
25,65,26.5799
25,68,65.5587
25,71,85.6445
25,78,19.5172
25,82,75.8988
25,85,80.8077
25,88,42.6041
25,90,35.8504
25,92,85.3578
25,93,56.2448
25,96,74.2105
25,97,91.1894
25,98,8.797
25,103,30.5729
25,109,57.412
25,118,7.9295
25,119,76.9643
25,120,4.3525
25,121,39.5169
25,122,38.3519
25,124,56.4216
25,128,38.0926
25,130,46.4624
25,132,37.3056
25,133,32.304
25,135,5.3974
25,138,38.1145
25,139,29.6902
25,145,78.4329
25,146,60.9089
25,151,64.8247
25,156,69.8053
25,157,28.8557
25,158,83.8578
25,162,2.8075
25,163,25.0383
25,165,8.4718
25,169,34.0665
25,171,30.6878
25,174,63.6207
25,177,9.212
26,31,1.8209
26,32,62.0403
26,42,6.6183
26,45,85.4843
26,49,56.7441
26,50,92.2126
26,57,17.187
26,68,90.9124
26,69,82.0423
26,74,12.7327
26,76,82.9402
26,90,84.765
26,94,34.197
26,100,62.9632
26,112,92.1467
26,114,82.0717
26,121,73.6335
26,122,38.8813
26,133,87.843
26,135,58.7346
26,139,24.906
26,146,24.8446
26,171,19.6587
27,28,18.9285
27,31,92.117
27,33,23.7704
27,34,24.6939
27,35,55.0249
27,36,52.8559
27,37,30.8173
27,38,16.5476
27,39,64.5772
27,40,87.5459
27,41,87.5879
27,44,55.0044
27,46,60.1173
27,47,59.3968
27,48,52.9314
27,49,31.2255
27,50,42.8113
27,51,11.8502
27,54,73.3908
27,55,93.2056
27,57,60.2903
27,61,70.6288
27,62,54.2127
27,63,73.494
27,64,78.88
27,65,67.053
27,66,3.2669
27,67,84.6817
27,68,62.7208
27,70,22.0543
27,71,56.3628
27,76,26.3333
27,77,10.1197
27,79,91.5447
27,81,68.973
27,84,27.7102
27,85,49.0557
27,86,92.4872
27,88,47.8879
27,89,46.7125
27,91,48.9172
27,92,73.8503
27,93,58.5008
27,94,21.4247
27,95,81.3853
27,96,50.6051
27,97,72.5989
27,98,63.1649
27,99,71.8429
27,102,5.5271
27,104,32.8965
27,106,64.0709
27,109,49.6533
27,112,32.8894
27,114,50.7964
27,115,90.34
27,116,84.8423
27,117,12.9669
27,118,91.4866
27,119,78.8399
27,120,52.6459
27,124,47.6234
27,125,13.6799
27,126,53.9145
27,127,80.9735
27,128,40.5192
27,130,55.8793
27,131,26.9475
27,135,61.7055
27,136,89.7891
27,138,17.9495
27,139,57.3625
27,140,70.826
27,142,68.3198
27,144,67.4967
27,146,43.1
27,147,90.426
27,150,20.0162
27,151,88.0695
27,152,90.0102
27,155,71.589
27,158,32.4831
27,160,68.9905
27,161,47.2742
27,162,4.8165
27,163,5.2907
27,165,90.2767
27,170,15.5327
27,172,4.6986
27,173,27.8257
27,175,50.1724
27,176,10.2984
27,177,30.7359
27,178,25.3819
27,179,48.8811
28,29,60.0774
28,32,47.3825
28,33,22.4492
28,36,68.2657
28,39,82.3499
28,44,51.7903
28,46,73.5764
28,54,54.1054
28,59,47.8014
28,60,85.3134
28,61,56.2031
28,64,72.9237
28,74,35.0512
28,76,52.6396
28,78,21.8406
28,82,64.6031
28,89,17.5681
28,93,49.5484
28,94,92.3969
28,96,28.3859
28,98,34.2592
28,102,32.0232
28,104,22.3626
28,105,57.6469
28,107,36.1069
28,109,65.971
28,113,55.0479
28,114,89.8282
28,117,78.663
28,120,72.0891
28,122,92.9243
28,123,76.6728
28,126,69.7014
28,127,67.5029
28,129,73.7848
28,134,26.9476
28,135,17.0424
28,138,74.8987
28,143,64.0906
28,144,34.9151
28,148,32.6284
28,152,52.4691
28,153,68.1379
28,154,48.1855
28,155,58.6978
28,165,11.997
28,166,53.3549
28,169,86.7897
28,178,91.594
28,179,77.8169
29,30,4.3987
29,32,1.7402
29,35,29.4729
29,36,68.4442
29,37,64.8593
29,39,82.9435
29,41,51.0817
29,42,87.1503
29,43,41.6605
29,44,33.323
29,45,16.2498
29,46,72.7019
29,48,60.9189
29,49,76.6605
29,50,9.8179
29,51,7.0695
29,52,58.1935
29,53,82.4607
29,58,35.4998
29,62,28.4768
29,63,61.6713
29,66,41.5158
29,67,52.3622
29,72,56.0728
29,73,38.6247
29,76,15.5607
29,79,9.7054
29,91,33.8167
29,92,1.1075
29,95,27.2458
29,98,52.8285
29,99,8.1844
29,101,19.469
29,105,72.5043
29,108,72.5387
29,110,53.8695
29,114,1.5064
29,115,15.06
29,119,59.5847
29,120,80.7141
29,125,37.425
29,130,42.6197
29,131,54.7194
29,136,56.5195
29,139,64.4158
29,142,24.7216
29,143,74.2397
29,144,73.993
29,147,71.4581
29,160,11.3954
29,161,61.7362
29,165,50.6165
29,167,92.262
29,168,12.4688
29,170,55.1738
29,171,26.7602
29,176,24.0288
29,178,31.0662
30,86,57.6833
31,38,25.4018
31,39,71.7969
31,41,92.4831
31,48,79.0806
31,49,61.2956
31,50,26.8619
31,58,37.4209
31,63,80.2218
31,64,85.9446
31,65,44.1882
31,67,77.2157
31,73,76.7665
31,82,81.55
31,85,83.523
31,86,47.6577
31,91,17.0238
31,100,23.3269
31,101,35.2337
31,104,20.1907
31,126,53.8304
31,130,5.6823
31,132,64.1865
31,134,43.9642
31,144,49.0244
31,145,39.1845
31,147,19.347
31,150,67.0877
31,151,67.8037
31,158,48.0845
31,165,77.5368
31,171,3.7548
31,175,80.598
31,177,3.3222
32,33,69.7903
32,36,91.5585
32,37,46.7771
32,38,14.9449
32,39,40.5956
32,40,62.48
32,41,57.8493
32,42,78.3909
32,43,54.151
32,45,31.9939
32,46,8.3883
32,48,70.8858
32,49,26.8052
32,50,28.5691
32,51,19.9825
32,52,90.5634
32,53,18.7004
32,54,32.1091
32,55,80.6302
32,56,37.7431
32,57,26.5674
32,58,65.3813
32,59,5.0675
32,60,29.9519
32,62,27.349
32,63,28.9835
32,65,11.8912
32,66,31.7137
32,67,84.2582
32,68,18.5625
32,69,31.7816
32,70,11.8394
32,71,47.1149
32,72,71.6282
32,73,23.8145
32,74,70.8885
32,75,42.2253
32,76,25.0672
32,77,6.7643
32,79,42.0267
32,81,90.548
32,82,46.172
32,83,36.0276
32,86,85.233
32,88,39.1528
32,90,51.7738
32,91,14.3985
32,92,56.3027
32,94,40.4841
32,95,54.3652
32,96,92.9675
32,97,85.1295
32,98,11.3604
32,99,9.3142
32,100,76.856
32,101,58.5459
32,103,47.7313
32,104,49.7058
32,105,34.9127
32,106,21.9482
32,107,86.9248
32,108,39.4904
32,109,5.9893
32,111,62.9737
32,113,76.3686
32,114,41.291
32,115,29.6766
32,116,59.5341
32,119,81.9421
32,120,83.0548
32,121,73.2549
32,122,87.4068
32,123,62.8641
32,124,88.1043
32,125,78.8331
32,127,23.9194
32,128,39.5473
32,129,35.0313
32,130,83.8337
32,131,51.0624
32,132,48.9979
32,133,45.5302
32,134,71.0622
32,135,35.6023
32,136,11.0322
32,138,22.7661
32,140,31.7301
32,141,19.8624
32,144,54.6825
32,146,51.515
32,148,48.1604
32,149,47.4399
32,150,84.1611
32,152,3.6273
32,153,56.9138
32,154,14.7793
32,156,27.5754
32,157,23.2865
32,158,36.7631
32,159,61.3364
32,160,53.1249
32,161,28.5976
32,162,32.1604
32,163,10.2191
32,164,6.6661
32,165,50.4165
32,167,50.2
32,168,47.7815
32,171,82.0636
32,174,86.3885
32,175,28.3226
32,176,1.8117
32,177,67.0077
32,178,45.5226
32,179,54.8009
33,34,10.7322
33,35,91.071
33,39,72.6501
33,41,2.4294
33,42,24.4531
33,44,39.8915
33,46,15.9766
33,51,69.4368
33,52,41.6416
33,53,62.3028
33,54,12.62
33,55,57.744
33,57,78.6129
33,60,51.594
33,61,57.6948
33,64,52.334
33,71,68.9523
33,73,28.7048
33,75,49.8991
33,77,35.6169
33,78,41.3351
33,80,56.7421
33,84,37.3425
33,86,20.4008
33,89,45.4476
33,90,84.0977
33,91,12.4194
33,92,57.3774
33,96,30.492
33,98,3.2246
33,100,32.2265
33,102,12.4358
33,107,24.7356
33,109,72.1866
33,111,48.8756
33,112,78.5577
33,113,40.5661
33,115,4.2477
33,118,24.9131
33,120,5.054
33,123,46.7731
33,127,16.1533
33,129,3.1017
33,130,86.4702
33,131,81.6954
33,132,29.9313
33,135,93.0301
33,136,39.6737
33,137,72.7778
33,138,74.8184
33,139,13.3736
33,140,52.2375
33,143,74.0362
33,145,86.2343
33,147,18.545
33,148,68.0285
33,149,19.4928
33,152,30.6535
33,153,24.6866
33,154,65.8364
33,155,2.5319
33,157,61.2574
33,160,47.063
33,162,88.3705
33,163,28.0606
33,165,30.8199
33,166,13.3082
33,167,19.9771
33,168,5.1743
33,170,67.8498
33,172,18.8033
33,173,85.4024
33,176,17.3023
33,178,7.1188
34,61,8.7208
35,37,58.1841
35,39,78.3439
35,41,49.6637
35,42,91.8041
35,46,43.2161
35,48,46.7908
35,49,7.0873
35,50,25.2136
35,53,82.0682
35,54,44.7613
35,55,89.7269
35,57,80.5018
35,58,1.6858
35,59,52.4678
35,61,30.6454
35,62,75.3661
35,63,24.856
35,65,10.8932
35,67,14.1749
35,71,72.9489
35,72,43.5152
35,73,61.7277
35,74,34.0489
35,75,30.5655
35,76,37.0442
35,78,61.8266
35,79,57.5813
35,80,68.8179
35,81,13.4905
35,82,35.2198
35,85,77.6791
35,86,42.8968
35,87,67.7521
35,89,67.8751
35,90,40.7814
35,91,87.9464
35,92,65.8874
35,93,24.9336
35,94,39.7149
35,95,16.699
35,96,58.48
35,97,38.1461
35,98,24.2535
35,100,77.6801
35,101,80.7746
35,102,30.8875
35,103,7.609
35,105,90.8344
35,106,57.8851
35,109,11.3151
35,110,6.2418
35,113,58.5558
35,114,43.3886
35,115,11.4318
35,119,82.4363
35,120,78.6808
35,123,29.6703
35,129,55.1886
35,130,53.505
35,131,81.7524
35,135,55.2219
35,137,69.3629
35,138,72.2211
35,139,57.9693
35,141,24.5182
35,142,79.4379
35,145,86.3364
35,147,57.6525
35,148,8.3111
35,151,1.4238
35,153,8.9107
35,155,77.5155
35,156,32.5956
35,158,2.6842
35,160,80.7849
35,162,19.5127
35,163,90.8391
35,167,65.7478
35,168,23.9859
35,170,25.741
35,171,29.3126
35,172,83.5777
35,175,36.9633
35,179,48.0769
38,40,51.148
38,41,69.7116
38,42,19.2554
38,43,5.9179
38,44,41.9839
38,45,56.9552
38,47,16.7262
38,48,1.969
38,49,3.8571
38,50,80.3459
38,51,76.2291
38,54,1.3093
38,56,91.2307
38,57,57.4892
38,58,63.1185
38,62,8.736
38,63,39.1746
38,64,47.6921
38,66,26.2559
38,67,82.7997
38,70,62.9563
38,72,76.4464
38,73,5.2882
38,74,52.8977
38,75,7.2953
38,77,76.2074
38,78,78.3218
38,79,56.3888
38,81,40.4554
38,83,87.4316
38,85,82.5089
38,86,46.6839
38,87,49.0715
38,88,57.2718
38,89,68.707
38,91,85.865
38,92,13.1055
38,93,76.5389
38,94,31.1821
38,95,43.4682
38,96,61.5419
38,97,92.0992
38,98,52.0375
38,99,57.953
38,100,47.3128
38,101,23.1389
38,102,51.1293
38,103,57.7137
38,109,63.5247
38,110,84.0315
38,111,13.2988
38,112,63.1004
38,114,29.5218
38,115,16.3533
38,116,4.4504
38,117,2.0161
38,118,6.9711
38,120,25.4181
38,121,12.4178
38,122,53.7211
38,123,90.0294
38,125,69.4771
38,128,21.1581
38,130,23.5578
38,133,84.7772
38,134,62.342
38,135,64.059
38,137,5.788
38,138,93.6463
38,139,59.622
38,141,77.0534
38,143,18.5723
38,144,57.6353
38,146,13.3492
38,148,60.1888
38,149,77.803
38,150,34.8779
38,151,62.582
38,152,11.6695
38,153,52.6682
38,154,71.2971
38,155,72.3831
38,156,68.294
38,157,18.782
38,158,45.2619
38,159,43.8571
38,160,61.5856
38,161,84.4268
38,163,76.8214
38,165,59.265
38,166,11.5569
38,168,76.9604
38,171,17.6358
38,172,40.1811
38,173,65.4093
38,175,38.6739
38,178,86.7642
39,42,6.5996
39,43,56.0387
39,46,21.9586
39,47,86.4466
39,50,11.9185
39,53,70.2968
39,54,66.7611
39,55,81.1256
39,56,6.0494
39,57,42.1681
39,58,24.8163
39,60,26.4518
39,61,79.3788
39,66,20.7796
39,67,76.4789
39,69,73.4849
39,70,66.9574
39,73,34.7376
39,74,4.5268
39,78,25.924
39,81,66.4304
39,82,10.0653
39,84,74.4436
39,86,84.332
39,89,45.4924
39,91,25.1631
39,92,5.0222
39,93,56.2128
39,97,93.1411
39,103,26.4293
39,104,41.034
39,105,81.4663
39,106,32.8848
39,109,30.0436
39,110,64.8885
39,114,6.9285
39,115,43.8303
39,116,8.3021
39,119,54.4294
39,126,42.91
39,127,52.0671
39,129,85.9158
39,130,19.0247
39,133,19.4334
39,139,11.6581
39,140,11.7094
39,141,74.3748
39,142,27.3231
39,146,66.0551
39,148,50.8904
39,150,62.1997
39,152,67.9021
39,153,8.8419
39,154,45.675
39,157,86.8733
39,158,84.987
39,159,75.8938
39,161,54.8449
39,162,3.3364
39,165,57.3352
39,168,8.0726
39,170,49.3128
39,171,33.6789
39,173,69.3318
39,177,36.8554
39,178,23.4022
39,179,32.2117
40,45,34.3462
40,47,54.5726
40,52,64.2275
40,60,30.0014
40,67,74.5675
40,70,3.5811
40,71,4.5493
40,78,2.3764
40,79,7.1301
40,91,65.1741
40,102,50.092
40,103,14.534
40,107,48.9072
40,114,5.5716
40,117,28.4352
40,120,6.6013
40,125,13.898
40,128,27.4775
40,141,42.2592
40,152,64.8645
40,173,27.5951
40,174,90.6431
40,175,93.979
40,177,85.3651
41,42,64.287
41,43,40.8389
41,44,22.8629
41,45,54.8729
41,46,84.4259
41,47,56.0545
41,48,48.1726
41,49,65.6136
41,50,54.4896
41,51,36.7734
41,52,30.2798
41,54,85.1398
41,55,66.3758
41,56,90.0956
41,57,58.9887
41,59,81.9172
41,60,35.777
41,61,69.332
41,63,25.1779
41,64,43.9601
41,66,71.4341
41,67,75.983
41,70,89.0766
41,71,86.712
41,72,42.9586
41,73,52.3391
41,74,41.5422
41,75,78.4575
41,76,21.6109
41,77,5.8853
41,78,73.6147
41,79,59.7915
41,80,74.6114
41,81,82.0683
41,82,79.0024
41,83,85.0301
41,84,13.0162
41,85,33.3086
41,86,31.902
41,88,37.594
41,89,89.3502
41,92,43.1141
41,95,89.3004
41,96,92.9398
41,97,39.7384
41,98,55.9865
41,99,30.4113
41,100,90.2784
41,102,78.8191
41,103,57.7793
41,104,1.8003
41,105,46.2257
41,106,7.441
41,107,82.0855
41,108,7.2851
41,109,38.3078
41,111,54.3839
41,112,27.5728
41,113,37.1667
41,114,24.4656
41,115,84.1073
41,116,76.5308
41,117,19.4578
41,118,68.584
41,120,84.4971
41,121,64.1591
41,122,91.769
41,123,59.3619
41,124,73.974
41,125,69.3508
41,126,59.3921
41,127,55.5559
41,129,33.4039
41,130,82.4257
41,131,40.7423
41,133,68.4659
41,134,43.9334
41,136,70.5289
41,137,64.8336
41,138,50.6015
41,139,36.9316
41,141,72.2559
41,142,46.5913
41,143,45.5181
41,145,54.5583
41,146,75.0198
41,148,31.8309
41,149,5.538
41,151,14.5537
41,152,53.3126
41,153,36.8435
41,154,91.9755
41,155,42.2688
41,156,4.4832
41,157,47.5324
41,159,80.4463
41,160,36.4262
41,161,3.5351
41,162,53.2307
41,163,74.6889
41,164,61.3886
41,165,25.2119
41,166,35.1539
41,167,74.2723
41,168,24.5955
41,169,11.2546
41,170,55.1734
41,171,12.0129
41,173,85.0955
41,174,40.6565
41,175,84.8528
41,176,24.3136
41,177,30.128
41,178,80.9413
41,179,65.0226
42,43,17.8826
42,44,80.3019
42,45,25.6751
42,46,73.6029
42,47,76.8636
42,48,9.0388
42,49,42.6243
42,51,14.0827
42,55,21.071
42,58,48.4256
42,61,57.7207
42,62,14.5471
42,64,62.9076
42,65,30.0368
42,69,47.796
42,73,5.5957
42,74,82.9225
42,76,45.6078
42,77,20.4584
42,78,55.295
42,82,91.0184
42,85,66.2886
42,86,50.2917
42,87,21.5626
42,89,52.8022
42,90,61.6929
42,91,38.4688
42,93,7.1977
42,97,19.5371
42,98,70.9348
42,100,44.0706
42,101,61.4052
42,102,76.9974
42,103,10.4076
42,106,1.839
42,108,60.7125
42,110,65.7012
42,113,58.2015
42,116,57.4977
42,119,26.0992
42,122,8.7823
42,124,33.1648
42,125,92.055
42,128,42.9773
42,129,67.9246
42,132,82.3259
42,134,36.858
42,135,45.4804
42,136,35.5232
42,137,23.6447
42,143,53.5961
42,144,29.3582
42,145,86.7308
42,147,93.146
42,148,85.0425
42,149,76.9144
42,150,22.133
42,151,93.2849
42,153,65.7312
42,154,9.2361
42,158,55.1726
42,159,66.2791
42,163,48.4673
42,164,60.2821
42,165,66.7883
42,168,88.8839
42,171,56.3553
42,172,89.5577
42,175,77.4191
43,45,21.2904
43,46,33.2884
43,47,52.4171
43,48,81.5222
43,49,9.9885
43,50,36.7537
43,51,54.0766
43,53,46.3435
43,54,88.1144
43,58,86.7762
43,60,27.3905
43,61,41.2508
43,64,78.8889
43,66,58.7893
43,69,18.0149
43,70,48.3013
43,71,93.2317
43,72,57.1888
43,73,84.0032
43,75,26.413
43,76,80.5902
43,77,60.1192
43,78,12.7358
43,79,26.6834
43,80,12.7856
43,81,57.6235
43,84,35.8899
43,85,82.6757
43,86,2.1127
43,88,3.4588
43,93,39.9509
43,95,54.1021
43,96,12.414
43,100,28.7672
43,101,28.7795
43,104,45.8259
43,107,19.0853
43,109,59.0659
43,111,21.5328
43,112,76.5143
43,117,34.0154
43,118,29.3833
43,119,23.9869
43,126,75.4318
43,127,27.2848
43,128,39.941
43,130,57.1834
43,132,60.2072
43,135,64.4061
43,137,30.4294
43,138,12.8672
43,141,73.4301
43,142,80.6923
43,143,44.0381
43,145,5.009
43,146,34.6006
43,147,23.9221
43,148,3.7112
43,149,83.1467
43,150,23.6166
43,152,37.3955
43,153,1.2851
43,155,35.3267
43,156,80.9722
43,157,75.1462
43,160,26.8481
43,162,15.8362
43,163,64.4118
43,164,83.3433
43,167,72.5595
43,168,19.117
43,170,44.2167
43,173,29.7855
43,174,80.0696
43,175,54.8242
43,176,42.5672
43,177,44.0105
43,178,70.6238
43,179,61.3084
44,45,58.1586
44,47,8.3204
44,53,27.5975
44,55,69.1861
44,56,13.1372
44,57,70.5055
44,59,23.1178
44,60,42.8637
44,61,89.8211
44,64,60.7171
44,65,33.3815
44,66,88.4626
44,68,36.3727
44,73,39.3588
44,78,3.8148
44,79,79.1184
44,81,67.7491
44,82,37.1297
44,84,13.0404
44,85,36.5468
44,86,38.6778
44,88,50.0353
44,89,71.4082
44,92,66.9471
44,95,6.9049
44,98,71.8624
44,99,4.5156
44,101,35.7563
44,103,81.0753
44,104,82.7392
44,106,9.8569
44,107,82.9578
44,108,5.7159
44,109,77.7505
44,110,68.7459
44,113,85.9527
44,115,10.5659
44,116,88.7713
44,117,65.4413
44,118,89.2092
44,119,29.8547
44,120,46.4616
44,122,25.6745
44,125,22.0849
44,126,31.1496
44,128,90.5686
44,129,8.2599
44,133,63.4315
44,134,64.6235
44,136,91.9876
44,137,32.0223
44,139,19.1208
44,141,16.2156
44,142,9.7111
44,143,45.1599
44,146,87.7807
44,147,90.261
44,150,22.3794
44,154,93.1234
44,155,70.8241
44,159,19.2867
44,160,16.9998
44,162,71.8266
44,166,43.6152
44,168,87.7176
44,174,50.9958
44,175,67.1802
44,177,8.0839
45,47,61.7451
45,48,53.0313
45,49,84.7517
45,50,4.8696
45,51,28.7474
45,52,55.4202
45,53,48.3612
45,54,87.1214
45,56,28.3537
45,57,10.1689
45,58,21.3731
45,59,45.8654
45,60,92.1237
45,61,31.2183
45,62,18.3406
45,63,1.2421
45,64,15.1229
45,65,61.6169
45,66,53.0769
45,67,44.0151
45,68,2.1696
45,69,77.7715
45,70,74.2906
45,71,3.2466
45,72,3.4815
45,74,27.854
45,75,5.2959
45,76,59.1414
45,77,17.2454
45,78,40.2535
45,79,92.794
45,80,89.7248
45,81,41.0728
45,82,30.9965
45,83,77.2158
45,84,33.4303
45,85,33.5365
45,86,56.826
45,87,76.3534
45,88,74.4204
45,89,24.9614
45,90,75.9811
45,91,84.7224
45,92,62.836
45,93,61.2728
45,94,93.4946
45,95,83.2611
45,97,86.5072
45,98,12.9502
45,99,52.7925
45,100,83.19
45,101,46.6357
45,102,9.7847
45,103,88.5873
45,104,24.0977
45,105,76.8928
45,106,49.7517
45,107,71.1937
45,108,72.0312
45,109,48.1816
45,110,14.8353
45,111,58.1426
45,112,73.4382
45,114,48.1438
45,115,59.875
45,116,19.5905
45,117,50.2567
45,118,66.3551
45,119,1.4414
45,120,88.9428
45,121,26.313
45,122,5.4758
45,123,51.9898
45,124,56.709
45,125,86.0214
45,126,21.0305
45,127,92.0829
45,128,75.4272
45,129,90.5724
45,130,38.0426
45,131,13.5903
45,132,3.0278
45,133,20.9846
45,134,71.8584
45,135,28.9719
45,137,82.2366
45,138,30.4912
45,139,46.8048
45,140,91.8465
45,141,47.1645
45,142,83.5999
45,143,87.8829
45,144,34.8187
45,145,86.5166
45,146,23.2872
45,147,42.0522
45,148,13.2719
45,149,86.077
45,150,61.6822
45,152,25.621
45,153,35.6576
45,154,38.0199
45,155,51.543
45,156,24.5323
45,157,43.0461
45,158,68.9341
45,159,61.764
45,160,83.9564
45,161,68.0459
45,162,20.7311
45,163,16.2019
45,164,42.2331
45,165,16.0132
45,166,48.168
45,167,82.3604
45,168,9.6508
45,169,50.4134
45,170,57.8586
45,171,26.3004
45,172,5.4099
45,173,12.5192
45,174,63.4254
45,175,23.551
45,176,32.3318
45,177,5.2511
45,178,84.6993
45,179,86.427
46,50,19.3176
46,55,44.0484
46,56,56.8019
46,61,84.0507
46,62,50.2541
46,64,33.498
46,70,26.2357
46,76,3.8248
46,78,54.46
46,91,10.4851
46,93,85.6748
46,95,62.781
46,97,73.2792
46,98,80.0908
46,100,25.5708
46,106,21.8364
46,114,4.609
46,118,83.8237
46,120,7.7101
46,121,36.797
46,122,41.6798
46,134,69.8341
46,136,62.9759
46,141,3.1084
46,145,16.129
46,146,29.7926
46,150,20.5586
46,158,14.7798
46,166,23.2282
46,167,91.1963
46,169,7.2114
46,179,69.1086
48,55,19.7841
48,56,67.022
48,60,52.8461
48,65,23.3811
48,75,12.5901
48,77,5.5635
48,79,7.8877
48,80,87.854
48,83,43.8619
48,85,65.2913
48,87,30.3507
48,89,16.4392
48,90,87.8778
48,93,81.894
48,95,4.6763
48,96,76.9855
48,101,27.4645
48,103,26.5049
48,104,24.0509
48,105,55.5691
48,107,77.8714
48,108,75.2731
48,110,34.1833
48,111,21.3813
48,112,71.4969
48,115,55.4447
48,116,85.7581
48,118,38.3777
48,119,85.9135
48,123,74.5529
48,125,15.7322
48,126,53.4441
48,130,62.9105
48,132,64.9238
48,135,3.1828
48,138,35.3677
48,140,2.722
48,141,70.3352
48,142,92.73
48,143,61.4589
48,145,41.4513
48,146,74.4351
48,149,26.672
48,151,47.8777
48,152,53.6045
48,153,7.0136
48,155,46.1239
48,158,80.366
48,161,85.9461
48,162,54.075
48,163,92.4826
48,164,41.9119
48,165,53.4105
48,166,41.6466
48,169,36.5738
48,171,17.3963
48,174,1.5835
48,175,28.431
48,176,28.3783
49,50,64.2105
49,51,44.1319
49,52,29.2279
49,53,73.4805
49,54,87.4897
49,55,54.0839
49,56,36.4385
49,57,32.9697
49,58,75.4257
49,60,16.1277
49,61,21.5016
49,63,33.7465
49,64,22.4971
49,66,7.6906
49,67,90.5389
49,69,83.6697
49,70,21.2813
49,71,86.1991
49,72,13.9555
49,73,18.3753
49,74,16.0333
49,77,3.3052
49,78,32.8246
49,79,75.6728
49,82,14.7771
49,84,27.9893
49,85,44.7893
49,86,87.4779
49,89,46.3275
49,90,74.4852
49,92,87.7912
49,94,32.196
49,95,1.5065
49,97,92.0073
49,98,65.5021
49,99,17.2849
49,101,23.4665
49,102,79.1511
49,103,16.391
49,104,22.7543
49,105,2.9715
49,106,89.4514
49,107,69.2851
49,108,1.154
49,111,33.4566
49,113,75.3233
49,114,59.5431
49,117,47.1664
49,119,65.884
49,120,36.3365
49,122,2.8102
49,123,31.0314
49,124,33.4974
49,125,72.3028
49,127,85.1837
49,129,43.5454
49,131,5.5193
49,132,66.7591
49,134,55.2541
49,138,1.6115
49,140,43.2149
49,141,65.9641
49,142,9.722
49,144,74.5575
49,145,9.1629
49,146,35.4286
49,147,26.6881
49,148,74.0445
49,149,20.2324
49,150,83.9575
49,154,91.0244
49,156,24.5587
49,157,81.5001
49,158,47.5995
49,159,20.9695
49,162,18.9971
49,163,88.3631
49,164,83.1506
49,165,24.0525
49,166,49.9396
49,168,70.2561
49,170,13.1755
49,173,78.7096
49,174,15.2099
49,175,52.3967
49,176,88.3784
49,177,12.4883
49,178,75.8403
49,179,1.0405
50,51,1.7516
50,53,66.822
50,54,21.6165
50,55,25.0207
50,56,66.3351
50,57,76.5704
50,58,62.2981
50,59,13.4276
50,60,56.4467
50,61,7.5169
50,62,31.9639
50,63,62.7227
50,64,29.6333
50,65,85.4029
50,66,78.2321
50,67,88.0393
50,68,93.0304
50,69,23.5224
50,70,62.9026
50,71,19.411
50,74,86.3506
50,75,80.0887
50,76,35.6081
50,77,28.0266
50,78,68.8223
50,79,93.3215
50,80,70.4206
50,81,54.7735
50,82,15.3402
50,84,42.9455
50,85,61.4801
50,86,82.084
50,87,38.0148
50,88,34.4356
50,89,30.0527
50,90,63.6715
50,91,15.3268
50,92,58.9275
50,93,36.8139
50,94,50.1693
50,95,41.7867
50,96,62.3058
50,97,70.9154
50,98,51.5303
50,99,4.5358
50,100,84.4627
50,102,68.5593
50,103,68.2459
50,104,42.2863
50,105,54.8497
50,107,7.2434
50,108,93.5907
50,109,83.6079
50,110,36.1967
50,111,55.0004
50,112,41.9408
50,113,38.6717
50,114,81.5316
50,115,10.0909
50,116,91.0413
50,117,13.8054
50,118,92.2649
50,119,44.9051
50,120,68.6512
50,121,81.8043
50,122,55.8957
50,123,29.1299
50,124,28.8141
50,125,53.3425
50,126,7.7433
50,127,65.3948
50,128,45.039
50,129,67.3776
50,130,10.7975
50,131,33.0318
50,132,82.9087
50,133,63.9659
50,134,21.3074
50,137,91.9408
50,138,18.2416
50,139,54.2381
50,140,87.5848
50,141,87.4234
50,142,10.2166
50,145,77.7689
50,146,41.444
50,148,86.2256
50,149,92.8531
50,150,84.2036
50,151,42.8551
50,152,39.0169
50,153,18.4184
50,154,12.5234
50,155,19.0112
50,156,87.0145
50,157,68.7561
50,158,85.2235
50,159,73.0941
50,161,25.7116
50,162,73.1438
50,163,56.2578
50,164,38.0809
50,165,84.8889
50,166,70.5552
50,168,52.965
50,169,29.1748
50,170,35.3573
50,171,31.4349
50,172,9.8068
50,173,43.9389
50,174,34.4649
50,175,75.7918
50,176,87.9251
50,177,34.9771
50,179,67.5732
51,53,90.5619
51,54,72.7527
51,56,8.9426
51,57,42.2851
51,58,21.7012
51,59,2.7535
51,61,16.4792
51,62,64.1123
51,63,18.4458
51,66,9.1062
51,67,14.2509
51,68,41.2495
51,69,92.2567
51,70,58.4952
51,71,20.7892
51,73,27.4038
51,76,92.475
51,79,34.1692
51,80,38.8275
51,81,36.9374
51,82,86.8285
51,83,81.6555
51,84,13.9548
51,85,41.7537
51,86,27.0731
51,88,88.0712
51,89,57.0174
51,91,43.5581
51,92,53.6058
51,93,3.5036
51,95,37.1317
51,97,48.4404
51,100,2.4696
51,101,55.7557
51,102,11.6568
51,103,10.8332
51,104,67.924
51,105,21.4292
51,109,19.5243
51,111,36.0423
51,113,12.9889
51,114,62.0371
51,115,60.0162
51,116,38.9444
51,118,24.6478
51,120,14.6263
51,121,31.9978
51,122,53.8684
51,123,42.0099
51,126,47.8907
51,127,59.3235
51,128,56.5686
51,129,8.7516
51,130,9.4452
51,132,7.8546
51,136,61.9012
51,137,31.9052
51,138,6.3754
51,139,47.8291
51,143,11.2123
51,145,80.1943
51,146,92.9862
51,147,62.4149
51,154,86.0273
51,155,55.7332
51,156,3.8326
51,158,22.1106
51,160,76.3855
51,162,73.6458
51,163,12.8141
51,164,44.0621
51,165,72.643
51,170,57.2063
51,171,71.8436
51,173,42.2394
51,175,15.5274
51,177,74.7392
51,179,15.3195
52,53,58.3983
52,54,85.5458
52,55,21.8009
52,57,16.5875
52,59,48.6915
52,60,2.0528
52,61,82.4201
52,64,30.8804
52,65,29.5138
52,66,69.0981
52,68,64.3506
52,69,50.0415
52,70,33.8568
52,72,49.3316
52,73,8.1966
52,74,27.0364
52,75,34.3144
52,76,89.4351
52,78,92.0424
52,79,64.5591
52,80,23.3703
52,81,92.9464
52,83,69.1155
52,84,19.407
52,85,89.5863
52,86,2.9779
52,87,11.6192
52,88,8.4877
52,89,5.9665
52,90,42.9664
52,91,31.7689
52,92,87.167
52,93,38.4379
52,94,70.9616
52,95,57.5209
52,96,81.5474
52,97,61.731
52,100,28.3392
52,101,65.0896
52,102,63.3912
52,103,16.3902
52,104,73.5614
52,105,85.4115
52,106,81.8313
52,107,85.9093
52,108,8.5805
52,109,85.5517
52,110,83.52
52,111,43.9997
52,112,30.7732
52,113,77.6783
52,114,85.1169
52,115,47.9651
52,116,77.7603
52,117,7.571
52,118,3.4657
52,119,71.3978
52,121,36.6824
52,122,4.2454
52,123,36.0386
52,125,44.8246
52,126,74.749
52,127,33.3407
52,128,11.8597
52,130,71.1947
52,132,80.4162
52,134,4.1303
52,135,15.1034
52,137,86.8626
52,138,7.36
52,139,75.7914
52,144,87.0993
52,145,74.6935
52,146,51.2251
52,147,43.476
52,148,84.9514
52,149,16.824
52,150,9.3297
52,151,31.1967
52,153,43.8808
52,154,76.0925
52,155,92.9264
52,156,69.4282
52,157,54.3254
52,159,76.7186
52,160,84.074
52,161,13.2993
52,163,78.2315
52,164,81.7043
52,166,68.972
52,167,82.9761
52,168,77.7811
52,169,72.0275
52,171,19.6242
52,172,1.6308
52,173,47.7245
52,175,39.8453
52,176,30.6895
52,177,49.1814
54,60,64.0203
54,73,64.933
54,88,11.589
54,100,2.5049
54,124,57.1369
54,127,70.952
54,171,68.1412
54,172,61.1698
54,174,69.6658
54,179,11.2177
55,57,52.4283
55,59,25.2675
55,60,55.9222
55,62,25.957
55,67,48.0388
55,69,90.9453
55,70,69.8826
55,71,76.6945
55,74,93.2747
55,79,28.5715
55,84,82.6928
55,85,55.2452
55,88,16.0409
55,92,20.0596
55,94,33.1099
55,96,39.0714
55,104,67.3175
55,108,69.7546
55,110,38.0167
55,121,39.6175
55,122,49.3001
55,124,66.1764
55,128,59.4539
55,135,57.202
55,137,90.2706
55,141,28.3218
55,142,48.8145
55,146,34.7431
55,148,73.4134
55,150,1.0603
55,159,84.3479
55,172,35.7461
57,58,92.7758
57,60,45.1534
57,61,15.1012
57,62,64.0346
57,63,67.4231
57,64,38.6252
57,65,78.4429
57,68,69.6847
57,69,15.8403
57,70,10.9704
57,71,54.8621
57,72,30.0713
57,73,84.5467
57,75,27.7347
57,76,23.42
57,77,89.3232
57,79,47.5597
57,80,89.9919
57,81,22.5389
57,87,72.6833
57,88,29.8493
57,89,88.7503
57,91,27.8117
57,92,91.6782
57,93,45.2485
57,95,70.522
57,96,4.309
57,97,52.5002
57,98,4.5834
57,99,21.4356
57,105,40.879
57,107,26.8219
57,108,80.5645
57,109,2.2314
57,112,56.6356
57,113,28.78
57,115,75.5228
57,117,85.0034
57,118,53.5091
57,121,61.492
57,123,54.1416
57,128,62.6925
57,132,9.5143
57,134,10.577
57,137,31.1177
57,139,78.7329
57,143,79.9866
57,144,52.2699
57,147,3.7618
57,153,33.7546
57,155,27.0911
57,159,75.9413
57,160,22.8728
57,163,8.1093
57,164,75.6045
57,165,75.1834
57,167,38.932
57,169,78.2462
57,171,80.3491
57,172,7.3831
57,173,64.5603
57,175,12.4039
57,178,32.0094
57,179,67.3511
60,62,53.6212
60,63,40.9136
60,65,88.6959
60,67,40.9559
60,68,46.311
60,69,44.7394
60,70,47.9047
60,71,10.0046
60,73,2.3524
60,74,80.7224
60,75,7.2878
60,76,43.3973
60,77,78.8262
60,79,42.7712
60,80,85.9401
60,81,16.3372
60,82,15.7498
60,83,12.6756
60,84,89.2089
60,85,75.4965
60,86,27.7107
60,89,74.2489
60,90,57.6199
60,92,80.5169
60,93,89.8399
60,94,80.4239
60,97,8.3864
60,98,4.0395
60,100,77.7622
60,101,76.2522
60,102,17.3634
60,103,68.1767
60,105,42.3646
60,106,66.4041
60,109,7.3689
60,111,65.8841
60,112,61.2395
60,114,90.8283
60,115,88.9575
60,116,18.2633
60,117,89.8459
60,120,25.65
60,121,37.7033
60,122,78.6775
60,123,51.0978
60,125,17.7064
60,126,19.5868
60,127,67.2252
60,128,75.7107
60,129,63.1078
60,130,87.4405
60,131,26.0591
60,132,83.7052
60,133,3.2323
60,134,38.4445
60,135,65.0262
60,136,86.9674
60,137,83.8198
60,138,42.0425
60,139,16.0132
60,140,65.2823
60,141,28.7904
60,142,10.9703
60,145,44.3447
60,146,77.0444
60,147,74.0181
60,148,31.0084
60,149,47.9958
60,150,60.7365
60,151,8.8445
60,152,87.488
60,153,71.5284
60,154,14.4175
60,155,39.6771
60,156,4.1316
60,158,16.962
60,159,11.3478
60,160,19.8847
60,161,93.165
60,162,63.8314
60,163,16.9384
60,164,34.4311
60,165,84.995
60,168,1.1016
60,171,18.3543
60,176,86.9211
60,177,81.8643
61,86,40.7073
61,87,9.7938
61,95,66.1137
61,98,53.8382
61,102,92.7045
61,139,87.1109
61,146,5.0826
61,153,69.6959
61,161,62.1759
61,166,11.0722
61,168,17.2899
61,175,67.7591
62,70,13.6975
62,73,70.4036
62,76,91.5958
62,83,22.4842
62,85,61.1053
62,88,82.6066
62,89,51.7173
62,98,8.0663
62,105,29.8769
62,110,58.4161
62,113,61.5012
62,114,49.9305
62,119,45.5877
62,123,51.4539
62,126,35.286
62,127,41.7168
62,131,81.1959
62,136,87.5213
62,139,54.747
62,142,65.1183
62,146,28.4731
62,147,87.0521
62,154,92.0339
62,155,4.8648
62,156,72.5855
62,166,33.3166
62,167,39.1863
62,170,31.6361
62,173,65.162
62,174,10.5807
62,176,17.7645
63,64,84.4725
63,75,62.9761
63,76,91.5177
63,95,21.6759
63,99,81.9753
63,105,24.1134
63,117,72.6255
63,120,15.061
63,121,6.3891
63,139,12.9241
63,148,59.3891
63,155,30.1989
63,158,37.3791
63,164,4.9233
63,168,3.3261
63,169,7.9984
63,173,71.1675
64,66,53.7394
64,67,84.2645
64,68,35.0734
64,70,51.9128
64,71,1.8907
64,72,28.762
64,74,31.5409
64,75,12.0745
64,77,9.3229
64,78,26.1053
64,79,91.1415
64,80,73.0334
64,83,58.1064
64,84,76.2278
64,86,41.2716
64,88,86.6979
64,90,79.8849
64,92,17.1515
64,93,74.6162
64,94,31.2014
64,98,9.3728
64,100,49.9305
64,103,16.131
64,106,27.3089
64,107,62.0802
64,108,13.2872
64,111,57.9625
64,113,1.5082
64,114,91.0332
64,115,64.5529
64,116,31.2696
64,117,14.5292
64,121,87.7807
64,122,22.5839
64,125,17.8966
64,127,21.0757
64,128,18.4109
64,129,4.9251
64,131,56.8237
64,134,8.9551
64,136,32.5682
64,140,85.189
64,141,6.7801
64,142,37.353
64,143,49.8752
64,146,21.5584
64,148,18.9623
64,149,89.8829
64,150,45.7216
64,151,45.9412
64,153,70.7903
64,155,10.3864
64,156,77.6508
64,157,31.9551
64,158,90.3675
64,159,25.9555
64,160,7.3532
64,162,15.0158
64,163,63.5372
64,164,68.2744
64,165,84.6931
64,167,24.9605
64,168,2.7043
64,173,24.9421
64,175,60.2987
64,176,67.9092
64,177,67.1089
64,179,84.8269
65,67,70.635
65,68,66.4714
65,69,25.5349
65,70,67.3017
65,71,26.2128
65,73,35.0101
65,75,58.4908
65,77,9.5504
65,80,74.8023
65,82,44.4234
65,84,45.3814
65,85,76.586
65,87,34.2622
65,89,80.5957
65,93,38.5149
65,94,25.2695
65,95,27.3553
65,96,67.9968
65,97,16.2387
65,98,18.3332
65,102,52.2849
65,103,40.1707
65,105,43.9431
65,106,93.3823
65,109,57.436
65,111,64.2373
65,113,26.5531
65,114,12.8778
65,116,88.6826
65,117,49.2982
65,123,53.8971
65,125,32.8992
65,126,1.5867
65,127,40.5357
65,128,50.8183
65,129,50.464
65,131,19.047
65,132,75.4113
65,133,59.8864
65,138,38.2845
65,139,22.2917
65,140,61.8668
65,141,47.1039
65,142,13.6458
65,143,79.4926
65,146,19.5276
65,147,11.5637
65,148,27.9293
65,150,66.1432
65,151,66.0022
65,153,89.7599
65,155,90.1302
65,156,81.1669
65,158,33.1899
65,159,34.6211
65,160,44.7561
65,161,63.7177
65,162,37.8956
65,163,28.556
65,164,80.5414
65,172,23.9097
65,177,57.178
65,178,82.0566
66,100,33.6463
66,120,92.1222
66,128,20.0628
66,147,34.0138
66,151,46.5328
66,160,68.581
66,167,90.5888
66,173,19.6416
69,72,63.5817
69,74,66.0889
69,75,83.428
69,77,27.6804
69,78,81.6575
69,79,32.0639
69,83,61.7342
69,85,70.9513
69,87,67.5728
69,89,5.0405
69,91,30.3752
69,92,38.3546
69,93,72.273
69,97,56.2227
69,100,28.4685
69,104,28.3534
69,106,92.8376
69,110,76.6023
69,115,65.3843
69,116,89.7448
69,117,73.3078
69,118,31.5436
69,119,5.2672
69,120,64.9005
69,121,73.5606
69,122,60.6391
69,123,63.5001
69,125,11.2088
69,126,60.4275
69,129,48.4781
69,130,21.9814
69,131,52.1033
69,132,46.8779
69,133,53.3537
69,135,83.5248
69,136,52.9398
69,137,67.6801
69,139,52.5107
69,141,78.6244
69,142,13.1824
69,147,25.1638
69,148,17.8431
69,149,28.6462
69,150,61.9018
69,151,73.6597
69,152,33.2657
69,153,57.4153
69,154,39.1678
69,159,84.629
69,160,8.7693
69,163,81.9747
69,166,55.0158
69,167,12.5487
69,168,30.3319
69,169,26.2357
69,170,80.8159
69,172,36.7718
69,174,31.0849
69,176,27.6242
69,178,72.0547
69,179,13.1322
70,71,38.1604
70,74,62.6353
70,75,38.1037
70,78,5.218
70,80,66.0858
70,81,83.9743
70,104,68.9333
70,117,16.3272
70,119,86.7586
70,122,9.1156
70,127,20.08
70,131,66.9401
70,135,23.5803
70,144,50.3368
70,168,27.3647
70,176,65.7819
70,178,36.7091
70,179,79.7173
71,72,49.1143
71,73,92.4512
71,74,86.9603
71,75,50.7013
71,76,62.6332
71,77,42.7073
71,78,42.4529
71,79,41.5275
71,80,66.8855
71,81,66.931
71,82,47.1793
71,83,72.3008
71,84,39.3512
71,85,25.5442
71,86,48.055
71,87,38.2933
71,88,21.753
71,89,80.3843
71,90,18.1091
71,91,79.593
71,92,78.1217
71,93,40.7802
71,94,53.8163
71,95,20.3397
71,96,23.1993
71,97,18.2556
71,98,30.1331
71,99,22.9134
71,100,90.9145
71,101,89.5174
71,102,32.4942
71,103,78.211
71,104,93.0936
71,105,87.9041
71,106,7.9219
71,107,39.9181
71,108,68.406
71,109,87.3535
71,110,66.1697
71,111,20.7428
71,112,7.1683
71,113,39.2908
71,114,31.4765
71,115,13.4404
71,116,39.7473
71,117,29.8787
71,118,93.727
71,119,63.8141
71,120,60.844
71,121,16.1183
71,122,77.5474
71,123,28.0059
71,124,30.5111
71,125,77.4032
71,126,21.8131
71,127,4.9973
71,128,69.2643
71,129,59.2991
71,130,55.4929
71,131,54.8392
71,132,68.6239
71,133,60.7197
71,134,65.0083
71,135,19.4026
71,136,1.456
71,137,13.2256
71,138,74.6517
71,139,58.5079
71,140,84.1927
71,141,18.7015
71,142,9.0029
71,143,4.0272
71,144,10.8604
71,145,5.1384
71,146,74.3069
71,147,44.3362
71,148,32.8427
71,149,52.6865
71,150,58.8859
71,151,35.1338
71,152,17.476
71,153,31.6444
71,154,66.4117
71,155,77.2065
71,156,34.8322
71,157,76.0477
71,158,23.1409
71,159,61.5209
71,160,44.1917
71,161,92.4545
71,162,53.1125
71,163,45.8127
71,164,26.4493
71,165,8.0878
71,166,50.8607
71,167,8.2392
71,168,79.4061
71,169,72.2009
71,170,22.3197
71,171,52.9543
71,172,74.5341
71,173,56.8478
71,174,35.4793
71,175,35.2656
71,176,59.6462
71,177,39.0512
71,178,61.3976
71,179,50.1395
72,73,41.0672
72,75,20.6529
72,80,1.1666
72,83,29.5707
72,84,21.2607
72,86,40.4994
72,89,44.7073
72,90,82.7931
72,92,42.799
72,97,74.1903
72,98,5.7323
72,99,50.7179
72,101,21.1793
72,104,37.9829
72,105,4.5416
72,109,14.7666
72,112,22.6069
72,113,71.1202
72,115,37.9872
72,116,77.0672
72,122,28.0992
72,125,31.1735
72,126,54.6902
72,132,16.8321
72,134,36.5111
72,137,59.9276
72,140,24.5421
72,143,7.1177
72,148,75.8404
72,149,66.2292
72,151,37.9311
72,153,83.1052
72,154,60.6722
72,158,37.764
72,159,72.7049
72,160,76.0851
72,161,93.5588
72,162,81.6142
72,163,10.7482
72,165,34.692
72,166,56.3503
72,167,61.4641
72,168,20.2294
72,171,79.6958
72,172,68.5013
72,175,1.1778
72,176,52.1982
72,177,90.9774
72,178,83.7362
75,76,36.5769
75,77,91.1755
75,84,50.3787
75,91,14.9116
75,93,41.636
75,94,63.9832
75,98,42.2795
75,103,39.411
75,105,71.0931
75,108,80.1305
75,115,51.1909
75,118,6.154
75,171,22.3696
75,173,22.5681
76,89,85.9545
76,93,8.8936
76,95,41.1288
76,96,7.1575
76,118,92.0732
76,119,86.6685
76,124,77.9423
76,134,90.0921
76,138,41.87
76,139,59.4681
76,140,31.7231
76,141,63.0069
76,169,61.9124
76,171,80.9429
76,175,62.0182
76,178,14.0697
77,78,78.6412
77,79,50.7391
77,80,70.1531
77,81,85.9207
77,84,79.9077
77,85,18.3296
77,87,38.2516
77,88,90.9664
77,89,80.8394
77,91,36.7521
77,92,44.0031
77,93,29.1283
77,94,17.6855
77,95,36.3039
77,97,76.4398
77,98,36.5769
77,99,63.3012
77,100,33.0447
77,102,48.5557
77,104,47.7032
77,107,69.3759
77,108,4.7709
77,112,52.9382
77,115,45.695
77,116,90.7329
77,119,3.7913
77,120,32.6552
77,126,67.9873
77,133,25.8724
77,135,3.0238
77,137,64.4989
77,139,62.112
77,142,84.1511
77,143,83.4986
77,144,74.6206
77,145,19.1573
77,150,29.1966
77,151,49.2323
77,152,16.9776
77,154,47.0557
77,155,43.2145
77,157,53.0892
77,159,35.3725
77,160,22.585
77,163,55.5822
77,168,38.0362
77,169,55.5116
77,170,32.1551
77,171,77.5022
77,172,50.7008
77,173,18.6603
77,175,47.7875
77,176,53.4459
77,177,9.1971
78,79,12.1955
78,80,62.7561
78,81,78.9217
78,82,85.9117
78,83,13.3297
78,84,25.7946
78,85,29.259
78,86,85.6242
78,87,88.2821
78,88,1.5462
78,89,23.9429
78,90,91.6854
78,91,76.491
78,92,18.1974
78,93,10.6297
78,94,3.3178
78,95,86.3321
78,96,52.7109
78,97,48.6339
78,98,41.6699
78,99,85.3104
78,100,57.7941
78,101,76.1514
78,102,49.8381
78,103,45.9047
78,104,48.5612
78,105,85.4828
78,106,68.3393
78,107,40.5436
78,108,28.6934
78,109,93.8603
78,110,11.7758
78,111,51.9497
78,112,31.974
78,113,1.0242
78,114,62.4615
78,115,62.5139
78,116,36.5069
78,117,38.6401
78,118,3.6774
78,119,28.749
78,120,80.9701
78,121,20.9839
78,122,29.0854
78,123,3.1419
78,124,46.2284
78,125,60.0995
78,126,49.1249
78,127,32.3592
78,128,68.2407
78,129,41.0873
78,130,83.3575
78,131,56.4202
78,132,93.9411
78,133,26.7875
78,134,93.87
78,135,63.5223
78,136,46.0313
78,137,79.8166
78,138,11.7802
78,139,23.6446
78,140,71.6117
78,141,83.6681
78,142,66.9385
78,143,49.3696
78,144,79.9883
78,145,1.4011
78,146,86.8396
78,147,2.7306
78,148,78.3467
78,149,87.1259
78,150,42.3069
78,151,93.2506
78,152,81.2407
78,153,74.3219
78,154,43.9673
78,155,45.183
78,156,4.0602
78,157,64.1712
78,158,19.1082
78,159,74.7469
78,160,21.7987
78,161,59.4533
78,162,54.453
78,163,90.8542
78,164,68.0105
78,165,67.7886
78,166,65.018
78,167,31.4406
78,168,28.5845
78,169,78.6926
78,170,44.1646
78,171,32.7942
78,172,91.8564
78,173,8.6227
78,174,18.8301
78,175,17.144
78,176,52.6346
78,177,80.8116
78,178,33.2505
78,179,30.5706
80,85,46.6295
80,87,27.2319
80,88,3.5599
80,89,42.2762
80,92,23.146
80,98,10.7305
80,102,63.7583
80,103,40.0871
80,105,1.5085
80,107,53.7378
80,109,83.1323
80,113,82.0299
80,119,91.1195
80,123,67.8759
80,124,41.5409
80,125,68.2662
80,130,33.7589
80,132,89.0036
80,133,92.026
80,134,54.8823
80,137,39.0212
80,138,18.0949
80,142,41.8585
80,152,48.6496
80,158,79.7301
80,164,10.7251
80,166,52.3631
80,169,10.6771
80,170,40.366
80,171,90.7543
80,175,70.4825
81,83,87.3896
81,115,56.8859
81,117,70.6481
81,120,55.314
81,121,58.8165
81,127,14.685
81,133,67.7335
81,143,17.3534
81,149,73.7117
81,153,80.3645
81,172,64.2421
82,86,3.1435
82,105,15.2581
82,106,49.7869
82,107,56.6675
82,114,2.3318
82,115,90.7887
82,118,43.9157
82,119,60.1036
82,123,24.9082
82,124,13.9075
82,125,47.7702
82,129,24.6799
82,132,82.6384
82,133,19.0252
82,134,10.7655
82,141,69.5744
82,142,91.2433
82,143,44.7206
82,147,62.882
82,153,1.5451
82,155,16.4182
82,160,33.2848
82,167,74.4136
82,171,35.7118
82,172,16.2574
82,174,12.3044
82,178,71.5152
84,85,56.208
84,86,21.1978
84,88,87.083
84,90,24.6306
84,91,93.6185
84,94,33.0061
84,95,93.8759
84,96,23.5749
84,97,38.9865
84,104,43.5017
84,106,9.5982
84,109,44.7538
84,110,58.4307
84,111,51.1241
84,114,31.1167
84,115,48.8232
84,116,93.4562
84,117,12.1588
84,119,12.9861
84,121,79.7106
84,124,16.7319
84,125,42.059
84,127,51.9362
84,129,52.5871
84,135,77.4163
84,136,4.7655
84,137,74.9671
84,139,90.3272
84,141,20.4068
84,143,54.0972
84,144,52.6902
84,145,46.6404
84,146,62.5896
84,152,93.0281
84,153,21.5938
84,154,75.1296
84,155,14.951
84,159,68.8792
84,160,2.7123
84,163,50.1286
84,165,6.5247
84,166,86.2202
84,167,24.8575
84,171,67.1733
84,175,47.6718
84,179,37.6684
85,90,7.4318
85,91,17.7635
85,94,13.215
85,95,11.341
85,97,14.4855
85,104,62.1264
85,107,10.6776
85,133,32.5921
85,137,16.4475
85,139,79.4545
85,145,24.6379
85,158,65.0296
85,167,42.3623
85,176,62.8307
86,90,87.473
86,168,89.7735
89,90,46.3359
89,91,14.2482
89,92,3.9242
89,93,64.9331
89,94,87.4247
89,95,81.7307
89,96,87.9442
89,97,47.1294
89,98,51.3213
89,99,2.5526
89,101,40.0293
89,102,7.8863
89,103,34.4442
89,104,14.0443
89,105,68.5226
89,107,59.3304
89,108,81.7675
89,109,90.7794
89,110,86.2579
89,111,90.2284
89,112,28.118
89,113,7.1781
89,114,12.2522
89,115,17.2328
89,116,76.5617
89,117,35.6164
89,118,39.6685
89,119,1.1515
89,120,26.9448
89,121,51.4973
89,122,67.7361
89,123,66.1833
89,124,85.1981
89,125,1.671
89,126,88.8533
89,127,22.3067
89,128,76.2751
89,130,44.4475
89,131,52.8891
89,132,58.153
89,133,45.5413
89,134,4.1735
89,135,56.0854
89,136,10.0384
89,138,37.0969
89,140,82.8
89,141,21.7266
89,142,5.0602
89,143,44.5732
89,144,19.9569
89,145,51.5738
89,146,61.8886
89,147,60.3619
89,148,58.4809
89,149,79.5622
89,150,41.7796
89,151,69.031
89,153,23.1049
89,154,39.5364
89,155,76.2371
89,156,45.6389
89,158,44.9743
89,159,91.0457
89,160,63.6615
89,161,62.5496
89,162,34.6877
89,163,55.231
89,164,51.7147
89,166,24.0603
89,167,11.2574
89,168,49.2886
89,169,72.5509
89,170,19.3134
89,171,68.7829
89,173,16.7122
89,174,29.5085
89,175,48.1234
89,176,34.3009
89,177,91.3377
89,178,41.3901
89,179,52.3754
90,91,87.1291
90,92,91.0877
90,94,15.2571
90,97,42.1144
90,98,49.2365
90,99,88.0683
90,101,87.4293
90,105,64.7697
90,106,76.1081
90,107,50.7204
90,108,39.5511
90,109,33.647
90,110,40.4884
90,112,18.3036
90,114,6.0701
90,116,62.157
90,119,17.4844
90,120,67.0803
90,125,75.6055
90,126,59.7155
90,129,53.5133
90,130,82.1158
90,132,70.8768
90,134,43.186
90,135,40.5595
90,136,40.8564
90,137,67.1222
90,138,27.4001
90,142,2.2819
90,143,92.8887
90,146,3.8319
90,147,58.0504
90,148,74.8441
90,150,73.8521
90,151,65.8287
90,154,22.92
90,156,56.4641
90,157,57.8432
90,158,55.2679
90,159,43.9951
90,160,81.4318
90,162,43.8293
90,163,37.9181
90,164,6.338
90,165,61.3855
90,167,72.1959
90,168,9.0792
90,169,49.5881
90,170,3.7704
90,171,33.6353
90,173,75.8773
90,175,9.7299
90,176,56.0007
90,177,85.342
90,178,70.282
90,179,31.4293
91,94,37.1672
91,97,49.418
91,101,16.4062
91,102,80.2513
91,104,2.4665
91,105,78.8101
91,107,6.1479
91,114,18.7828
91,117,86.8876
91,119,49.8802
91,121,15.7941
91,122,21.778
91,126,4.2962
91,138,75.5048
91,143,63.6538
91,145,11.2484
91,151,32.9369
91,155,59.7727
91,159,52.5315
91,160,15.7094
91,167,64.3241
91,169,89.2028
91,173,79.272
91,174,9.1027
92,93,22.111
92,94,36.8741
92,95,85.8132
92,96,27.3613
92,98,88.0769
92,100,28.7754
92,101,63.835
92,102,6.34
92,103,19.3001
92,105,60.531
92,106,44.7902
92,108,63.3553
92,109,81.7945
92,110,16.7029
92,112,13.0906
92,113,92.6413
92,114,79.6268
92,115,1.0878
92,116,89.7002
92,117,89.8109
92,119,74.7245
92,120,45.9562
92,123,54.1136
92,124,44.9326
92,125,17.7858
92,126,67.2368
92,128,18.8254
92,130,80.3141
92,131,49.0328
92,132,42.0313
92,134,79.6577
92,136,69.2305
92,137,56.7783
92,138,54.6319
92,139,90.8604
92,142,7.7337
92,143,45.2689
92,145,38.1386
92,146,70.2193
92,150,27.9752
92,152,55.277
92,154,81.6817
92,155,15.3334
92,156,35.4473
92,157,23.5624
92,158,35.1346
92,159,24.7799
92,160,23.1366
92,161,72.1298
92,162,47.9886
92,163,26.1187
92,164,71.6111
92,165,58.0408
92,168,52.0391
92,169,27.8431
92,170,48.7345
92,171,5.6681
92,172,73.0218
92,173,16.6512
92,175,23.1057
92,176,12.5443
92,178,47.7437
92,179,28.1879
93,95,42.8419
93,96,49.8188
93,97,85.222
93,98,15.9839
93,100,82.419
93,101,70.3616
93,102,59.2435
93,103,23.586
93,104,36.1436
93,107,82.9473
93,108,71.2595
93,109,81.0221
93,110,25.6424
93,111,52.5942
93,112,44.9785
93,113,6.1129
93,115,2.5768
93,117,86.6324
93,118,70.7651
93,119,38.7922
93,120,88.9985
93,121,48.2719
93,122,38.278
93,123,87.6701
93,124,50.2783
93,125,14.6161
93,126,21.0809
93,127,40.5288
93,128,21.6981
93,129,46.2245
93,130,30.3969
93,132,56.3628
93,133,1.0856
93,134,34.2496
93,135,25.8645
93,136,40.2741
93,137,80.9858
93,138,36.5811
93,139,60.04
93,140,52.3628
93,141,27.7267
93,143,79.9352
93,144,28.5577
93,146,55.8031
93,147,2.657
93,148,83.9924
93,149,88.6423
93,150,56.1019
93,151,50.8602
93,153,10.7278
93,154,45.6467
93,156,51.109
93,158,35.7071
93,159,21.8144
93,160,70.479
93,161,76.197
93,162,60.8331
93,163,79.8083
93,164,40.9455
93,165,8.2676
93,166,61.9117
93,167,83.8175
93,168,83.4999
93,169,72.8441
93,170,30.1503
93,171,88.8411
93,172,89.4093
93,173,11.3128
93,174,61.0377
93,175,88.3369
93,176,78.3544
93,177,38.0544
93,178,50.961
93,179,42.9376
94,96,51.2916
94,97,36.108
94,98,84.9944
94,101,56.042
94,102,56.8842
94,105,51.4198
94,109,14.7021
94,114,30.808
94,117,65.0773
94,119,77.5968
94,120,91.3784
94,121,65.3148
94,123,7.8258
94,124,12.1011
94,125,82.2028
94,126,11.9857
94,127,26.5576
94,132,16.852
94,136,31.5786
94,137,14.4601
94,142,74.3671
94,143,53.1708
94,145,62.269
94,146,90.1872
94,147,67.7404
94,150,37.4608
94,152,26.8197
94,153,78.9243
94,156,75.1552
94,158,85.44
94,159,58.5414
94,160,34.6209
94,161,29.6317
94,163,49.3674
94,166,30.2443
94,171,19.664
94,174,71.0481
94,175,62.5824
94,177,43.8095
94,178,60.6699
96,97,29.7381
96,98,36.3143
96,99,2.966
96,100,38.4721
96,101,63.8867
96,102,10.2871
96,103,38.7012
96,104,38.119
96,105,73.587
96,106,38.7666
96,107,35.7779
96,108,34.1866
96,109,81.353
96,110,44.7243
96,111,43.3481
96,112,68.6777
96,113,60.573
96,114,46.3253
96,115,50.6228
96,116,89.9194
96,117,53.4164
96,118,38.5178
96,119,81.7337
96,120,72.1263
96,121,37.0386
96,122,23.2678
96,123,88.8312
96,124,88.5112
96,125,46.8372
96,126,45.7299
96,127,3.4154
96,128,40.2245
96,129,35.1393
96,130,43.8258
96,131,33.5858
96,132,66.8136
96,133,10.668
96,134,75.325
96,135,45.4118
96,136,14.3261
96,137,22.6789
96,138,85.2862
96,139,40.1047
96,140,81.2169
96,141,53.7033
96,142,40.1579
96,143,88.4234
96,144,44.6414
96,145,78.0836
96,146,89.8198
96,147,37.9559
96,148,44.0454
96,149,91.0499
96,150,78.3952
96,151,48.536
96,152,17.398
96,153,46.0852
96,154,7.6608
96,155,67.8628
96,156,70.6124
96,157,78.9951
96,158,7.282
96,159,2.339
96,160,68.467
96,161,10.2726
96,162,53.9956
96,163,6.0088
96,164,63.6201
96,165,21.4137
96,166,65.7461
96,167,92.4744
96,168,27.7535
96,169,21.7287
96,170,64.1117
96,171,51.6704
96,172,87.722
96,173,7.081
96,174,30.5913
96,175,64.2857
96,176,5.8928
96,177,33.7326
96,178,71.9898
96,179,61.5987
99,100,41.9855
99,101,7.9981
99,102,4.0681
99,103,16.0588
99,105,27.2947
99,106,8.9859
99,107,74.9617
99,108,31.7086
99,109,88.9087
99,110,1.7311
99,111,35.1309
99,112,64.3784
99,113,12.103
99,114,70.4422
99,115,81.347
99,116,16.177
99,117,26.7515
99,119,9.4687
99,120,63.1354
99,121,26.2273
99,122,50.4991
99,123,44.2359
99,124,69.6926
99,125,82.6061
99,126,90.828
99,127,65.647
99,128,28.7382
99,129,14.3726
99,130,50.6179
99,131,5.1284
99,132,14.0073
99,133,75.9537
99,134,75.1067
99,135,15.4246
99,136,37.2407
99,137,66.6028
99,138,80.7664
99,139,10.4854
99,140,39.584
99,142,4.4265
99,143,63.1214
99,144,55.9587
99,145,5.2467
99,146,76.7422
99,147,88.7217
99,148,64.9338
99,149,26.5448
99,150,79.7354
99,151,34.6079
99,152,79.4809
99,153,68.3495
99,154,29.2511
99,156,3.2736
99,157,59.3794
99,158,2.1622
99,159,80.0933
99,160,70.0947
99,162,56.4726
99,163,54.8434
99,165,48.2074
99,166,64.6993
99,167,62.6069
99,168,48.8
99,169,83.7622
99,170,49.507
99,171,11.7915
99,172,77.3379
99,175,65.1288
99,176,25.7997
99,177,38.571
99,178,85.2657
99,179,86.0725
100,101,57.6708
100,102,55.1368
100,103,66.6927
100,104,82.3289
100,105,52.1235
100,106,22.8591
100,107,72.2588
100,108,50.5746
100,109,48.4313
100,110,11.9335
100,111,71.9018
100,112,16.3172
100,113,84.3278
100,114,70.8727
100,115,53.2293
100,116,92.5
100,117,8.8929
100,118,42.1904
100,119,21.9447
100,120,40.4601
100,121,88.8523
100,122,42.6008
100,123,82.0114
100,124,41.0857
100,125,77.8853
100,126,67.3534
100,127,61.4077
100,128,2.8464
100,129,53.5959
100,130,10.7998
100,131,78.3815
100,132,51.4644
100,133,70.1454
100,134,41.9224
100,135,63.4008
100,136,54.9949
100,137,78.0554
100,138,67.0313
100,139,13.5826
100,140,21.5471
100,141,30.2536
100,142,17.4298
100,143,40.8762
100,144,1.7501
100,145,64.5129
100,146,81.335
100,147,30.847
100,148,92.7765
100,149,69.7199
100,150,89.8444
100,151,48.5948
100,152,43.0082
100,153,41.7501
100,154,74.6256
100,155,70.2972
100,156,65.5642
100,157,16.5231
100,158,33.8109
100,159,5.8546
100,160,23.1266
100,161,90.4981
100,162,85.0292
100,163,91.4245
100,164,89.6799
100,165,33.9678
100,166,26.0304
100,167,62.3854
100,168,26.526
100,169,65.7885
100,170,69.8126
100,171,40.5768
100,172,41.3388
100,173,67.2055
100,174,92.1356
100,175,7.3241
100,176,28.1721
100,177,20.8302
100,178,57.0481
100,179,32.8604
101,102,48.5964
101,103,66.8718
101,104,32.3425
101,105,44.3044
101,106,14.4677
101,107,16.6566
101,108,81.4058
101,109,10.7712
101,110,56.9003
101,111,30.2289
101,112,18.1474
101,113,60.2652
101,114,72.1184
101,115,85.4664
101,116,92.3275
101,117,92.8427
101,118,55.5842
101,119,36.3238
101,120,51.6695
101,121,81.474
101,122,65.5102
101,123,60.2274
101,124,4.0119
101,125,68.6673
101,126,21.0942
101,127,52.6203
101,128,51.0957
101,129,28.9422
101,130,41.9379
101,131,34.9446
101,132,22.5679
101,133,4.3799
101,134,38.3875
101,135,48.8945
101,136,35.611
101,137,52.313
101,138,24.8006
101,139,28.8556
101,140,34.5424
101,141,57.0189
101,142,60.7018
101,143,60.6411
101,144,42.5224
101,145,35.214
101,146,57.5629
101,147,3.053
101,148,55.0433
101,149,88.7866
101,150,18.4283
101,151,14.0173
101,152,87.6533
101,153,6.1302
101,154,92.0828
101,155,84.295
101,156,79.6975
101,157,92.077
101,158,72.6449
101,159,78.9446
101,160,25.9677
101,161,17.4346
101,162,58.4129
101,163,20.9929
101,164,93.6525
101,165,1.8582
101,166,86.9689
101,167,49.4681
101,168,44.4054
101,169,27.6892
101,170,82.1446
101,171,28.7285
101,172,68.14
101,173,23.2453
101,174,75.8681
101,175,77.0517
101,176,71.4795
101,177,57.3949
101,178,69.1537
101,179,22.4603
105,106,53.0173
105,121,91.6898
105,123,41.1954
105,133,8.0882
105,134,40.4965
105,148,46.3627
105,154,17.0552
105,155,4.0283
105,175,1.586
106,116,82.9276
106,128,63.3512
106,137,62.3395
106,142,92.1461
106,143,81.968
106,155,11.5082
106,168,44.3006
107,109,87.1087
107,110,58.3244
107,111,12.7179
107,112,89.0764
107,113,23.9037
107,114,4.7676
107,116,65.0829
107,117,20.4855
107,118,45.5009
107,119,76.409
107,120,23.6117
107,122,85.5865
107,123,17.8091
107,126,79.4029
107,127,49.5947
107,130,85.8423
107,131,18.9424
107,133,42.5957
107,134,38.3314
107,136,48.3867
107,138,31.089
107,139,3.9875
107,140,6.9668
107,141,12.1985
107,142,70.6958
107,143,88.2727
107,145,55.776
107,146,5.7212
107,147,62.3136
107,148,87.276
107,149,29.1663
107,150,82.0197
107,152,89.1802
107,154,79.852
107,156,93.3289
107,157,67.2649
107,158,54.0689
107,159,81.1531
107,160,85.9709
107,161,21.9841
107,163,68.3801
107,165,38.1636
107,168,49.1855
107,169,86.441
107,170,8.5896
107,171,67.9777
107,172,27.286
107,173,3.9456
107,174,69.5771
107,175,28.2285
107,176,58.6176
107,179,64.6666
108,109,67.7044
108,110,33.8935
108,111,86.5863
108,112,39.4721
108,113,69.709
108,114,14.7035
108,115,49.2894
108,116,14.9831
108,117,76.928
108,118,7.7649
108,119,87.7529
108,120,69.4909
108,121,31.3077
108,122,10.344
108,123,66.3147
108,124,85.2128
108,125,67.09
108,126,29.9347
108,127,80.2003
108,128,23.3616
108,129,38.6826
108,130,56.373
108,131,58.2341
108,132,79.1608
108,133,30.1535
108,134,70.8776
108,135,9.4351
108,136,43.1767
108,137,64.994
108,138,68.4529
108,139,37.7614
108,140,88.8044
108,141,1.3593
108,142,64.9367
108,143,12.8768
108,144,82.7359
108,145,63.706
108,146,32.221
108,147,9.2165
108,148,56.6279
108,149,3.6425
108,150,89.93
108,151,29.215
108,152,38.2888
108,153,21.9409
108,154,92.9058
108,155,25.5531
108,156,35.938
108,158,57.1884
108,159,13.2922
108,160,75.1991
108,161,53.4346
108,162,29.6541
108,163,5.2178
108,164,85.5751
108,165,46.8992
108,166,87.8873
108,167,64.938
108,168,42.7578
108,169,39.6677
108,170,39.2538
108,171,2.6159
108,172,75.0797
108,173,82.1864
108,174,33.4955
108,175,49.6306
108,176,22.5654
108,177,72.9954
108,178,43.0934
108,179,63.5509
110,126,31.218
110,141,91.5953
110,143,2.7631
110,145,35.814
110,147,21.3785
110,151,32.1463
110,170,46.5532
110,175,40.9814
110,178,71.8568
110,179,49.4888
111,112,92.2594
111,113,72.1967
111,114,47.2384
111,115,55.3907
111,116,30.9557
111,117,43.2188
111,118,13.8174
111,119,8.6066
111,120,10.6509
111,121,92.861
111,122,17.7339
111,123,12.9873
111,124,88.8809
111,125,90.0204
111,126,19.1784
111,127,47.7064
111,128,89.9591
111,129,50.3192
111,130,65.0674
111,131,36.3011
111,132,23.4422
111,133,47.5534
111,134,57.6604
111,135,56.0645
111,136,76.526
111,137,55.7112
111,138,69.3442
111,139,54.9815
111,140,24.7119
111,141,81.2743
111,142,25.465
111,143,30.2465
111,144,32.9779
111,145,68.1686
111,146,8.5825
111,147,26.2403
111,148,5.8044
111,149,5.8277
111,150,20.2806
111,151,16.8989
111,152,78.6249
111,153,49.1281
111,154,27.5918
111,155,42.748
111,156,1.4526
111,157,68.998
111,158,44.3146
111,159,34.9999
111,160,11.5793
111,161,71.6074
111,162,52.4197
111,163,38.1885
111,164,43.3199
111,165,19.7954
111,166,78.0573
111,167,52.331
111,168,17.298
111,169,33.319
111,170,67.7076
111,171,86.3279
111,172,23.0309
111,173,48.9163
111,174,58.8955
111,175,11.7573
111,176,87.7268
111,177,25.665
111,178,26.3114
111,179,15.7067
112,113,64.1347
112,114,47.9719
112,115,48.3524
112,116,70.1784
112,117,36.6223
112,118,40.3362
112,119,28.0256
112,120,44.0583
112,121,26.1334
112,122,33.2097
112,123,72.5311
112,124,76.2883
112,125,69.5749
112,126,26.4432
112,127,82.4734
112,128,35.8233
112,129,16.9654
112,130,74.9052
112,131,2.3605
112,132,88.359
112,133,1.7094
112,134,47.1561
112,135,68.2265
112,136,76.304
112,137,17.5059
112,138,12.6095
112,139,81.1596
112,140,2.1498
112,141,46.2904
112,142,92.429
112,143,84.1729
112,144,40.0035
112,145,81.6823
112,146,13.0003
112,147,5.5057
112,148,22.0863
112,149,10.3932
112,150,88.3866
112,151,61.4064
112,152,93.6093
112,153,43.5714
112,154,35.6125
112,155,8.6721
112,156,66.4614
112,157,30.35
112,158,48.1571
112,159,7.2752
112,160,48.6035
112,161,71.154
112,162,90.3115
112,163,72.4776
112,164,44.9699
112,165,51.7515
112,166,10.0401
112,167,72.0141
112,168,90.8248
112,169,51.8597
112,170,84.2132
112,171,44.4273
112,172,78.9391
112,173,14.8894
112,174,5.5931
112,175,93.2814
112,176,33.7445
112,177,20.8814
112,178,50.281
112,179,29.0402
113,114,82.1493
113,116,45.4622
113,118,66.1356
113,119,69.7627
113,120,35.9208
113,121,26.6136
113,122,65.2155
113,123,86.2525
113,125,89.0429
113,126,30.7724
113,128,55.3166
113,129,4.7654
113,130,57.9388
113,131,7.8759
113,132,77.9968
113,133,69.0196
113,134,79.8819
113,135,5.5178
113,136,73.0835
113,137,32.5554
113,138,19.6633
113,139,53.3349
113,140,35.339
113,141,47.4878
113,142,14.6883
113,143,65.3176
113,144,70.9136
113,145,55.0408
113,146,40.7464
113,147,90.95
113,148,60.6789
113,149,86.136
113,150,43.2454
113,153,8.2252
113,154,9.3063
113,155,25.8455
113,156,67.4365
113,157,57.4519
113,158,6.172
113,159,89.3432
113,160,39.6181
113,161,43.8924
113,162,19.6083
113,163,46.5088
113,164,28.8267
113,165,49.8158
113,166,3.5079
113,167,18.1458
113,168,88.9889
113,169,47.5734
113,170,50.5024
113,171,72.3495
113,172,83.8809
113,173,50.9843
113,174,69.7176
113,176,20.3608
113,177,50.4411
113,178,26.7139
113,179,58.8763
114,115,49.335
114,116,3.4259
114,117,31.3299
114,118,91.4908
114,119,65.6321
114,122,32.394
114,123,45.6734
114,125,57.8203
114,128,35.2703
114,129,66.426
114,131,25.1409
114,132,72.452
114,133,41.8672
114,135,34.7202
114,136,83.0685
114,137,59.7473
114,138,15.5515
114,139,77.9519
114,140,92.2681
114,141,12.7608
114,142,87.5002
114,143,90.0489
114,144,52.9659
114,146,30.9288
114,147,53.1588
114,148,79.8884
114,150,4.2064
114,151,70.828
114,152,35.5927
114,153,62.9543
114,155,56.9673
114,158,31.1718
114,159,67.0678
114,161,48.7116
114,162,62.1147
114,163,41.1597
114,164,32.004
114,166,14.0951
114,168,48.5475
114,169,73.9339
114,172,20.4832
114,173,40.2248
114,175,39.4607
114,176,13.3799
114,177,36.8801
114,178,5.1773
115,117,70.864
115,121,72.1462
115,122,18.2027
115,128,55.9985
115,131,28.8471
115,144,24.5871
115,165,88.5817
115,170,82.7346
115,174,48.6461
116,117,22.8789
116,118,39.817
116,119,48.8211
116,120,77.2593
116,121,58.9309
116,122,3.4868
116,123,74.3678
116,124,18.0057
116,125,64.1153
116,126,75.3338
116,127,60.4567
116,128,39.1725
116,129,67.52
116,130,76.7104
116,131,73.0855
116,132,1.4032
116,133,63.9934
116,134,18.413
116,135,66.258
116,136,5.998
116,137,80.3688
116,138,50.0932
116,139,32.7369
116,140,75.1232
116,141,43.3931
116,142,15.0203
116,143,67.8779
116,144,59.341
116,145,50.6813
116,146,22.3241
116,147,41.9441
116,148,52.0226
116,149,14.8876
116,150,13.9797
116,151,2.6918
116,152,75.4126
116,153,10.7111
116,154,28.6045
116,155,39.0263
116,156,74.4467
116,157,8.0235
116,158,61.001
116,159,42.6346
116,160,58.4057
116,161,76.4422
116,162,64.4945
116,163,11.7783
116,164,17.1874
116,165,57.5441
116,166,80.0153
116,167,8.3948
116,168,67.2737
116,169,12.2964
116,170,61.1992
116,171,45.7651
116,172,59.7093
116,173,48.303
116,174,87.3071
116,175,20.1977
116,176,91.2574
116,177,53.4528
116,178,2.8652
116,179,87.5859
118,119,78.1435
118,120,17.3659
118,121,59.2807
118,122,81.0524
118,123,77.3629
118,124,21.7697
118,125,48.9833
118,126,93.9326
118,127,27.6068
118,128,86.0825
118,129,81.7978
118,130,16.3099
118,131,78.837
118,132,4.4211
118,133,61.7585
118,134,29.1715
118,135,67.2761
118,136,71.8298
118,137,36.1354
118,138,17.4457
118,139,90.6181
118,140,86.5377
118,141,8.8499
118,142,56.1064
118,143,41.2841
118,144,13.3625
118,145,59.6158
118,146,31.637
118,147,52.8329
118,148,60.9984
118,149,43.0472
118,150,45.1951
118,151,49.2598
118,152,13.6463
118,153,59.3244
118,154,17.1112
118,155,84.8044
118,156,40.5457
118,157,78.1016
118,158,61.231
118,159,52.9015
118,160,64.9742
118,161,76.8424
118,162,19.0484
118,163,45.0183
118,164,25.9021
118,165,40.5622
118,166,67.0388
118,167,30.3533
118,168,19.6284
118,169,36.1855
118,170,41.9288
118,171,86.3851
118,172,91.1398
118,173,22.1789
118,174,42.0709
118,175,7.8779
118,176,18.5704
118,177,45.8542
118,178,12.6123
118,179,30.8113
119,120,8.6998
119,121,58.7676
119,123,4.5467
119,124,7.4863
119,127,36.9621
119,128,81.7268
119,129,52.0531
119,130,1.1247
119,131,5.4118
119,134,53.2524
119,135,88.2569
119,139,47.5161
119,143,63.3792
119,147,56.1603
119,148,40.3903
119,149,72.6592
119,150,1.0785
119,153,67.2553
119,154,57.9208
119,155,68.0366
119,156,49.4955
119,157,18.6507
119,159,31.0457
119,164,55.243
119,165,13.0475
119,167,35.2993
119,168,33.529
119,169,91.0194
119,170,31.9215
119,171,8.6417
119,173,84.9195
119,174,73.3449
119,175,31.5889
119,177,62.5685
119,178,78.6266
119,179,57.8374
120,121,69.8272
120,122,48.7178
120,123,3.3514
120,124,78.299
120,125,51.644
120,126,51.5027
120,127,12.9258
120,128,69.9277
120,129,89.5089
120,130,83.3227
120,131,9.8358
120,132,80.159
120,133,75.9352
120,134,57.3167
120,135,48.009
120,136,34.4173
120,137,43.5106
120,138,90.3539
120,139,2.5195
120,140,83.7175
120,141,57.1764
120,142,55.5922
120,143,52.448
120,144,44.4908
120,145,8.1287
120,146,82.2513
120,147,31.1737
120,148,82.1964
120,149,46.1328
120,150,8.5879
120,151,73.8239
120,152,25.7438
120,153,61.8929
120,154,72.7386
120,155,87.2215
120,156,13.9673
120,157,70.0782
120,158,86.6028
120,159,6.8088
120,160,35.3982
120,161,27.0834
120,162,40.7549
120,163,51.2408
120,164,66.3716
120,165,39.1296
120,166,61.6218
120,167,61.0181
120,168,26.0019
120,169,57.5885
120,170,2.5665
120,171,90.5424
120,172,2.6291
120,173,62.9238
120,174,92.6319
120,175,38.5201
120,176,86.7134
120,177,88.4495
120,178,69.962
120,179,36.0093
121,122,34.7616
121,123,36.8298
121,124,39.787
121,125,71.0137
121,127,64.8898
121,128,13.336
121,129,54.5804
121,130,23.9302
121,131,82.6454
121,132,19.3426
121,133,86.5058
121,134,69.1818
121,135,10.2305
121,136,44.8843
121,137,82.1033
121,138,51.0649
121,139,35.7298
121,140,86.076
121,141,60.6744
121,142,69.881
121,143,50.8212
121,144,69.2506
121,145,67.9953
121,146,24.2526
121,147,11.302
121,149,41.0922
121,150,85.5682
121,151,33.6637
121,152,84.2206
121,153,36.8212
121,154,28.3821
121,155,24.0924
121,156,33.0055
121,158,8.1411
121,159,47.4788
121,160,18.9452
121,161,77.0658
121,162,37.5378
121,163,17.157
121,164,54.7877
121,165,15.1177
121,166,33.2969
121,167,68.6463
121,168,31.3959
121,170,18.8118
121,171,78.1403
121,173,91.7527
121,174,72.3845
121,175,53.1952
121,176,56.7053
121,177,12.5482
121,178,56.2306
121,179,70.3669
122,123,35.5612
122,124,76.0841
122,125,6.6869
122,126,31.2934
122,127,43.082
122,128,83.3187
122,129,6.3789
122,130,51.1998
122,131,84.7231
122,132,1.934
122,133,40.4981
122,134,84.5605
122,135,92.818
122,136,93.6119
122,137,71.4354
122,138,25.9343
122,139,20.7869
122,140,27.4627
122,141,1.1097
122,142,34.0101
122,143,75.198
122,144,56.5894
122,145,19.0517
122,146,8.4939
122,147,72.6117
122,148,5.1193
122,149,89.234
122,150,86.8673
122,151,43.0055
122,152,69.7582
122,153,60.2573
122,154,5.9068
122,155,50.8631
122,156,91.7265
122,157,81.4178
122,158,55.682
122,159,20.5029
122,160,11.8046
122,161,18.3881
122,162,32.7398
122,163,85.5295
122,164,71.4199
122,165,49.1657
122,166,63.146
122,167,35.2046
122,168,29.2782
122,169,18.2101
122,170,10.1115
122,171,47.5167
122,172,17.1128
122,173,92.3215
122,174,15.5273
122,175,60.0279
122,176,9.4991
122,177,80.1889
122,178,21.4361
122,179,23.1131
123,126,75.6865
123,127,90.5077
123,128,77.171
123,129,23.7513
123,130,79.6351
123,131,35.4203
123,132,75.0953
123,133,2.1504
123,134,24.5657
123,136,31.9987
123,137,70.7521
123,138,25.5806
123,140,81.5478
123,141,63.7201
123,142,32.5027
123,143,43.8317
123,145,84.8579
123,146,27.3844
123,147,14.6187
123,148,53.844
123,149,92.5911
123,151,61.1634
123,152,33.4492
123,153,67.8698
123,155,8.7302
123,156,93.7348
123,157,49.1898
123,158,70.5228
123,159,57.3228
123,160,30.6831
123,161,86.0204
123,162,69.73
123,165,26.8289
123,166,59.5668
123,168,11.8758
123,169,76.4888
123,170,31.3752
123,171,10.8707
123,175,34.3091
123,176,10.6626
123,177,32.536
123,178,85.4205
123,179,37.0408
124,125,28.025
124,126,79.5578
124,127,40.6184
124,128,14.9702
124,129,77.3826
124,130,54.9203
124,131,67.6787
124,132,93.0666
124,133,84.2852
124,134,25.4791
124,135,64.6329
124,136,21.682
124,137,29.5471
124,138,73.9271
124,139,3.8743
124,140,57.3235
124,141,43.2653
124,142,86.1592
124,143,27.0609
124,144,76.5776
124,145,25.3105
124,146,82.3229
124,147,29.5594
124,148,80.7409
124,149,77.2892
124,150,17.3372
124,151,18.2831
124,152,50.502
124,153,86.1291
124,154,68.9995
124,155,76.6828
124,156,47.2569
124,157,42.0731
124,158,66.7804
124,159,71.2903
124,160,75.0375
124,161,87.6646
124,162,85.7515
124,163,91.6568
124,164,14.6453
124,165,69.1464
124,166,48.4528
124,167,42.7862
124,168,32.8086
124,169,4.2965
124,170,79.7796
124,171,19.1677
124,172,88.8225
124,173,20.9986
124,174,54.2729
124,175,81.2111
124,176,1.7542
124,177,7.2782
124,178,3.5351
124,179,30.9436
127,128,55.2773
127,129,65.7397
127,130,41.3197
127,131,27.3968
127,132,25.6409
127,133,20.825
127,134,61.0889
127,135,53.6476
127,136,36.3233
127,137,82.518
127,138,85.8234
127,139,83.6439
127,140,44.375
127,141,18.1939
127,142,69.737
127,143,54.19
127,144,58.8109
127,145,74.6508
127,146,42.1954
127,147,34.438
127,148,86.6871
127,149,32.2926
127,150,55.8503
127,151,47.7098
127,152,86.5131
127,153,65.1263
127,154,31.6721
127,155,81.3351
127,156,44.3894
127,157,68.1733
127,158,84.938
127,159,6.7534
127,160,25.371
127,161,60.0056
127,162,31.1961
127,163,49.3006
127,164,66.532
127,165,57.7924
127,166,17.9904
127,167,2.8296
127,168,84.1836
127,169,89.822
127,170,84.0073
127,171,19.8535
127,172,33.0366
127,173,33.378
127,174,23.1052
127,175,38.7423
127,176,77.3781
127,177,89.7778
127,178,68.9786
127,179,8.4776
128,129,70.0151
128,130,61.2986
128,131,60.7131
128,132,21.9481
128,133,54.1727
128,134,19.0317
128,135,79.1006
128,136,80.7261
128,137,89.1809
128,138,34.9331
128,139,39.536
128,140,25.4304
128,141,29.8034
128,142,59.0693
128,143,33.4375
128,144,72.5498
128,145,79.5495
128,146,67.8295
128,147,22.2196
128,148,50.4011
128,149,46.7863
128,150,24.9878
128,151,19.6256
128,152,68.7778
128,153,63.2427
128,154,27.5371
128,155,15.5938
128,156,57.6988
128,157,1.5734
128,158,9.6402
128,159,88.474
128,160,81.0439
128,161,47.422
128,162,57.4774
128,163,46.9687
128,164,84.3426
128,165,7.709
128,166,88.9128
128,167,86.6943
128,168,80.4105
128,169,11.5979
128,170,58.104
128,171,7.687
128,172,72.0182
128,173,84.0101
128,174,44.0712
128,175,8.098
128,176,5.3218
128,177,14.1882
128,178,50.5965
128,179,85.8419
129,136,3.7478
129,138,76.2019
129,144,57.5013
129,146,23.7559
129,149,26.2115
129,151,28.0205
129,171,28.6495
131,133,26.3705
131,158,19.2614
136,137,83.3031
136,138,31.1641
136,139,39.7096
136,140,35.7897
136,141,10.6238
136,142,75.1245
136,143,2.6618
136,144,20.0335
136,145,15.5553
136,146,77.0307
136,147,38.7087
136,148,73.7374
136,149,39.1067
136,150,92.8266
136,151,38.6481
136,152,55.5224
136,153,27.7718
136,154,11.3691
136,155,67.7697
136,156,39.3538
136,157,54.9814
136,158,59.8193
136,159,12.889
136,160,51.468
136,161,59.6391
136,162,59.5942
136,163,2.4017
136,164,87.5063
136,165,19.378
136,166,49.8995
136,167,29.7322
136,168,2.2237
136,169,55.495
136,170,34.8092
136,171,57.1744
136,172,61.2664
136,173,79.873
136,174,78.238
136,175,16.4885
136,176,91.9346
136,177,66.1145
136,178,45.5938
136,179,65.844
140,141,45.8161
140,142,16.8246
140,143,80.0989
140,144,29.0268
140,145,26.8581
140,146,19.9559
140,147,50.5478
140,148,6.3499
140,149,45.883
140,150,35.308
140,151,36.2138
140,152,83.6942
140,153,13.4172
140,154,35.0171
140,155,81.7004
140,156,42.5064
140,157,86.5703
140,158,89.7778
140,159,14.0671
140,160,76.9747
140,161,80.7135
140,162,28.4376
140,163,63.9494
140,164,78.3594
140,165,54.0503
140,166,86.8805
140,167,10.7691
140,168,43.7923
140,169,13.0434
140,170,80.0209
140,171,75.3567
140,172,76.6182
140,173,17.6295
140,174,66.9482
140,175,35.7299
140,176,18.8888
140,177,84.3052
140,178,3.1598
140,179,56.9352
143,144,12.226
143,145,73.6572
143,146,27.5442
143,147,9.8344
143,148,62.203
143,149,62.4049
143,150,18.2746
143,151,69.278
143,152,6.9893
143,153,90.3526
143,154,3.7695
143,155,66.0456
143,156,53.1856
143,157,33.8386
143,158,15.5723
143,159,29.5063
143,160,70.4567
143,161,43.0678
143,162,69.1514
143,163,70.7635
143,164,73.8691
143,165,40.416
143,166,26.4186
143,167,80.2698
143,168,11.8892
143,169,64.5671
143,170,6.2292
143,171,36.7415
143,172,18.3745
143,173,89.2759
143,174,68.3728
143,175,24.3549
143,176,27.32
143,177,32.6318
143,178,37.5766
143,179,88.473
144,145,46.0803
144,146,92.6815
144,147,68.1866
144,148,92.5433
144,149,48.8979
144,150,86.0498
144,151,4.113
144,152,30.4195
144,153,53.2391
144,154,6.6599
144,155,68.8975
144,156,16.3321
144,157,29.5963
144,158,52.5369
144,159,72.2333
144,160,10.4584
144,161,51.0824
144,162,15.7012
144,163,39.9516
144,164,29.0118
144,165,41.1286
144,166,24.1486
144,167,12.5982
144,168,19.2244
144,169,15.8593
144,170,80.2145
144,171,32.8971
144,172,86.1143
144,173,29.519
144,174,36.047
144,175,82.5713
144,176,35.25
144,177,77.8009
144,178,34.2698
144,179,76.3466
145,148,75.6338
145,149,1.8404
145,150,69.0758
145,154,56.8215
145,155,23.2517
145,156,17.1218
145,157,22.8876
145,159,18.0879
145,160,83.6123
145,162,15.1283
145,163,8.7094
145,164,39.5946
145,165,12.823
145,167,29.6641
145,168,38.164
145,169,20.2952
145,170,60.4791
145,172,22.9586
145,173,46.3286
145,176,75.0236
145,179,24.4688
146,154,4.2886
146,159,17.2175
146,161,93.8105
146,167,63.7066
146,168,53.6001
146,175,85.0354
150,151,68.0921
150,152,15.6025
150,154,17.2711
150,155,16.744
150,156,40.7336
150,157,92.3832
150,158,66.4846
150,159,65.6989
150,160,92.4011
150,161,65.3766
150,162,54.703
150,163,64.1388
150,164,80.7231
150,166,4.3071
150,167,15.5289
150,168,38.6846
150,169,27.1068
150,171,81.786
150,172,19.3474
150,173,61.02
150,174,4.1612
150,176,25.4401
150,177,13.3134
150,178,34.1041
150,179,33.6116
151,153,31.984
151,156,22.881
151,158,16.6145
151,159,77.6574
151,160,24.963
151,161,11.6389
151,162,88.8899
151,163,10.8856
151,164,83.7773
151,165,28.203
151,166,10.8875
151,167,6.0366
151,168,74.1714
151,169,54.5169
151,170,76.645
151,171,71.4395
151,172,6.6766
151,176,92.8139
151,177,1.4269
151,178,18.6314
152,153,50.8124
152,154,53.1166
152,155,68.305
152,156,29.0417
152,158,21.0407
152,159,82.6208
152,160,92.7923
152,161,69.2909
152,162,76.3014
152,163,39.2713
152,164,92.5081
152,167,75.995
152,168,25.1291
152,169,77.0266
152,170,17.3504
152,171,7.823
152,172,81.1945
152,174,38.4144
152,175,49.6043
152,177,55.9639
152,178,77.0785
152,179,83.7648
153,155,28.7077
153,156,83.6494
153,158,72.7719
153,162,38.7196
153,163,64.869
153,167,86.4185
153,168,24.5615
153,169,46.796
153,175,50.2425
154,155,80.808
154,156,80.3673
154,157,88.6416
154,158,60.6439
154,159,62.0233
154,160,88.1561
154,161,71.1741
154,162,26.4769
154,163,76.5907
154,164,37.7786
154,165,64.3883
154,166,75.2279
154,167,39.075
154,168,92.6342
154,169,74.3098
154,170,20.7013
154,171,53.5507
154,172,20.1298
154,173,75.6051
154,174,56.961
154,175,79.929
154,176,86.3082
154,177,86.9332
154,178,63.4927
154,179,64.6258
156,157,6.3441
156,158,13.5109
156,159,91.8297
156,160,33.1669
156,161,33.8922
156,162,53.5475
156,163,67.1022
156,164,14.4282
156,165,66.5187
156,166,38.5154
156,168,41.9277
156,169,3.2834
156,170,59.3624
156,173,33.1383
156,175,85.0086
156,177,69.1028
156,178,15.6015
156,179,43.2329
157,160,40.9974
157,161,70.0355
157,165,62.2154
157,166,72.3259
157,167,80.8927
157,170,63.9213
157,171,25.6643
157,172,78.0664
157,176,74.074
158,159,2.4599
158,160,88.4087
158,162,80.4182
158,163,38.2438
158,168,88.4728
158,169,12.1391
158,170,29.5251
158,171,75.9541
158,172,55.3172
158,173,9.5845
158,174,17.4474
158,176,44.3476
158,177,65.8339
158,178,47.0286
158,179,70.8454
159,160,38.4411
159,161,46.2156
159,162,44.755
159,163,39.4018
159,164,52.6652
159,165,2.9521
159,166,57.9396
159,167,34.1388
159,168,85.6108
159,169,38.814
159,170,76.6557
159,171,74.8571
159,172,51.8302
159,173,40.1106
159,174,18.0307
159,175,29.0107
159,176,38.7386
159,177,69.6527
159,178,51.3693
159,179,87.5551
160,163,20.3959
165,166,12.7485
165,167,81.8197
165,168,39.7555
165,169,18.58
165,170,1.2075
165,171,51.8707
165,172,68.4945
165,173,45.585
165,174,54.7776
165,175,59.672
165,176,72.7354
165,177,11.9342
165,178,7.7611
165,179,4.8726
168,169,27.1233
168,170,92.78
168,171,79.9081
168,172,93.9785
168,173,8.2697
168,174,63.3394
168,175,91.1109
168,176,29.253
168,177,40.6103
168,178,64.2384
168,179,50.2461
169,170,67.3593
169,171,60.5626
169,172,54.9324
169,173,56.1921
169,174,17.8622
169,175,47.7001
169,176,10.3969
169,177,73.8878
169,178,57.3259
169,179,78.9722
170,171,22.5028
170,172,49.1485
170,173,80.4713
170,174,86.9186
170,175,87.9536
170,176,72.5548
170,177,33.9627
170,178,89.9568
170,179,91.0069
172,173,9.0916
172,174,90.6787
172,175,61.3869
172,176,65.8829
172,177,5.2386
172,178,17.0919
172,179,28.4156
175,176,55.3019
175,177,61.2098
175,178,77.8481
175,179,62.0648
178,179,68.1877
